99
       1.829947504996998e-02       3.527124310708891e-03       4.320918373060557e-04
       1.875621105580216e-02       1.693744022408463e-03       2.713328033766053e-04
       1.922434672082970e-02       1.363198209842700e-03       2.274616902571101e-04
       1.970416656877770e-02       1.032627835765438e-03       1.842422688101266e-04
       2.019596222478972e-02       5.970737161337917e-04       1.234830474357420e-04
       2.070003259267184e-02       5.472707607760553e-04       1.068860756454540e-04
       2.121668403656058e-02       3.103613341508850e-04       7.351297245262814e-05
       2.174623056712502e-02       4.814770684687946e-04       8.685543700513818e-05
       2.228899403241637e-02       4.019976500613250e-04       7.192434164209330e-05
       2.284530431348096e-02       3.815435405168947e-04       6.451642240618145e-05
       2.341549952485546e-02       3.521733785230383e-04       5.724477987128879e-05
       2.399992622006634e-02       5.501354042535146e-04       6.732177640905974e-05
       2.459893960225831e-02       5.501814401562435e-04       6.337336194746795e-05
       2.521290374007990e-02       5.839588245299622e-04       6.139339475530716e-05
       2.584219178895725e-02       5.328517054134162e-04       5.556110685563759e-05
       2.648718621789072e-02       4.752343162990729e-04       4.981307295515170e-05
       2.714827904191206e-02       4.780153124697974e-04       4.742001013491391e-05
       2.782587206034352e-02       4.228964985187313e-04       4.214896094942869e-05
       2.852037710100367e-02       3.285406271298571e-04       3.537018503564895e-05
       2.923221627050823e-02       2.448025452818017e-04       2.891387110350609e-05
       2.996182221081833e-02       2.705220849324530e-04       2.904897182548683e-05
       3.070963836219178e-02       1.552883293982938e-04       2.092577487857511e-05
       3.147611923269748e-02       1.331122401894198e-04       1.848580926702577e-05
       3.226173067445648e-02       7.660864712780141e-05       1.339700144670242e-05
       3.306695016677787e-02       5.569992460354130e-05       1.090292084396106e-05
       3.389226710636138e-02       3.701034334145676e-05       8.512221606632891e-06
       3.473818310474311e-02       3.372421768825066e-05       7.865533333327900e-06
       3.560521229316529e-02       2.971185091243022e-05       6.944724310919319e-06
       3.649388163505518e-02       2.765125335685355e-05       6.572581304451125e-06
       3.740473124630317e-02       2.328367662551776e-05       5.753514753684744e-06
       3.833831472353471e-02       4.857731414620433e-05       8.086840629757959e-06
       3.929519948057549e-02       4.354981289574291e-05       7.379386657838279e-06
       4.027596709331455e-02       4.177593423466187e-05       6.904219976194426e-06
       4.128121365317469e-02       5.352573038323153e-05       7.431065161545918e-06
       4.231155012940530e-02       4.881923185883359e-05       6.794551571129723e-06
       4.336760274041746e-02       3.814549745961855e-05       5.782349042934706e-06
       4.445001333438735e-02       3.777280290582470e-05       5.507907204246136e-06
       4.555943977935899e-02       3.455718563021133e-05       5.040664195666345e-06
       4.669655636308363e-02       2.317058722972500e-05       3.994752564889178e-06
       4.786205420283872e-02       2.052708623990397e-05       3.575990301070228e-06
       4.905664166547546e-02       1.257030737061590e-05       2.696420347509003e-06
       5.028104479795038e-02       1.152082851434930e-05       2.472334712802422e-06
       5.153600776860252e-02       1.123064805413092e-05       2.351851589213938e-06
       5.282229331944439e-02       7.895334246487291e-06       1.888629370400630e-06
       5.414068322974177e-02       5.005746102985471e-06       1.446590848493722e-06
       5.549197879116380e-02       1.073936490729615e-05       2.037965901609654e-06
       5.687700129479250e-02       1.225586192466103e-05       2.095084526226447e-06
       5.829659253028742e-02       1.134146188203081e-05       1.939130694165674e-06
       5.975161529750901e-02       8.810855970216978e-06       1.655662758079346e-06
       6.124295393091152e-02       9.272859075304429e-06       1.644760714549372e-06
       6.277151483702421e-02       9.739283122130425e-06       1.629447692447507e-06
       6.433822704534764e-02       5.414984587284202e-06       1.192756297098155e-06
       6.594404277299959e-02       6.333742193736193e-06       1.276523168658035e-06
       6.758993800345409e-02       4.658980022243073e-06       1.063791150796917e-06
       6.927691307972508e-02       5.394853649698090e-06       1.128336336150221e-06
       7.100599331235552e-02       4.109418466997655e-06       9.808470239602586e-07
       7.277822960258097e-02       4.788354852042120e-06       1.047771167726983e-06
       7.459469908104696e-02       7.973319811852813e-06       1.345628866032059e-06
       7.645650576246796e-02       5.174077967749888e-06       1.085993614743850e-06
       7.836478121662598e-02       4.028249589675682e-06       9.368348889453425e-07
       8.032068525611662e-02       3.384404223378606e-06       8.447972301369613e-07
       8.232540664126053e-02       4.824970581151498e-06       9.876242138332584e-07
       8.438016380260879e-02       3.576021777211813e-06       8.312154557582459e-07
       8.648620558148115e-02       4.023301984925597e-06       8.658722375141669e-07
       8.864481198898744e-02       3.956578195305422e-06       8.525075430763759e-07
       9.085729498399342e-02       5.086102413622671e-06       9.508960547404055e-07
       9.312499927050374e-02       3.230144795858375e-06       7.494443008322627e-07
       9.544930311494679e-02       3.202539810257967e-06       7.348174664765845e-07
       9.783161918385816e-02       3.018279655046901e-06       7.072086480674668e-07
       1.002733954024718e-01       2.865601960728791e-06       6.827836417718872e-07
       1.027761158347408e-01       4.462469671949411e-06       8.463396968009660e-07
       1.053413015853223e-01       4.056206061379703e-06       8.041785574134232e-07
       1.079705117240756e-01       4.359582677384309e-06       8.401580873282394e-07
       1.106653442336339e-01       3.089376250599572e-06       7.029665272440667e-07
       1.134274369806276e-01       3.541035184484638e-06       7.502771690305836e-07
       1.162584687111470e-01       3.717798421517794e-06       7.760657007602291e-07
       1.191601600710520e-01       1.903779741255394e-06       5.615778323543740e-07
       1.221342746517468e-01       2.766076106434654e-06       6.924861212891990e-07
       1.251826200620563e-01       3.144658743312916e-06       7.649128157872795e-07
       1.283070490268557e-01       2.041073667698953e-06       6.443927504067233e-07
       1.315094605131206e-01       2.191530761145988e-06       7.009551018492185e-07
       1.347918008840814e-01       1.268879211116681e-06       5.560411774664655e-07
       1.381560650821860e-01       3.589363673249572e-06       9.795590890443028e-07
       1.416042978415860e-01       3.199947322041455e-06       9.792793105685895e-07
       1.451385949308865e-01       3.571603465462455e-06       1.086397189648199e-06
       1.487611044269137e-01       3.112736525716583e-06       1.064141016884101e-06
       1.524740280202735e-01       3.375208003064478e-06       1.163756100121381e-06
       1.562796223534966e-01       4.564694026098755e-07       4.447696506618140e-07
       1.601802003925817e-01       0.000000000000000e+00       0.000000000000000e+00
       1.641781328327708e-01       5.141508831389604e-07       5.033077626263953e-07
       1.682758495394120e-01       6.675644387720163e-07       6.001477944972627e-07
       1.724758410247838e-01       3.979381448335394e-07       4.699532748366358e-07
       1.767806599617803e-01       1.386613488561888e-06       9.346988055755446e-07
       1.811929227353758e-01       4.960116377366418e-07       5.552672750943929e-07
       1.857153110328122e-01       1.752696454137417e-06       1.126254924246530e-06
       1.903505734734770e-01       4.141901353574146e-07       5.457896197196581e-07
       1.951015272794598e-01       0.000000000000000e+00       0.000000000000000e+00
       1.999710599878051e-01       0.000000000000000e+00       0.000000000000000e+00
       2.030929453331702e-01       0.000000000000000e+00       0.000000000000000e+00
