1.829976347713301e-02,4.026464142919964e-03,7.907270963361881e-04
1.875709074418527e-02,5.218904178131428e-03,8.455184997952252e-04
1.922584702393765e-02,4.555826689403570e-03,7.265107740134542e-04
1.970631793752127e-02,4.105473183655108e-03,6.245636470637794e-04
2.019879624399179e-02,2.973263198121604e-03,4.726559289582573e-04
2.070358201871249e-02,2.172497809609028e-03,3.728493053528471e-04
2.122098283619527e-02,1.877023853960425e-03,3.170327725404928e-04
2.175131395751097e-02,2.063603826402587e-03,3.050092893570140e-04
2.229489852238332e-02,1.345330089285607e-03,2.285613309479588e-04
2.285206774608339e-02,1.416907070122228e-03,2.174539650926959e-04
2.342316112124469e-02,5.958151082313029e-04,1.304261403752916e-04
2.400852662472177e-02,6.428206676724226e-04,1.253325608458060e-04
2.460852092961842e-02,4.247564276102709e-04,9.630372522557926e-05
2.522350962261456e-02,2.616502229772666e-04,7.068993661504365e-05
2.585386742672450e-02,2.245258310431480e-04,6.236648154433092e-05
2.649997842962188e-02,1.597638293801305e-04,5.046798935250131e-05
2.716223631767090e-02,1.505130453514802e-04,4.566532310690053e-05
2.784104461580603e-02,1.864478541897486e-04,4.811112181819517e-05
2.853681693340657e-02,2.050393148964699e-04,4.812427584594963e-05
2.924997721631588e-02,3.496014995581516e-04,5.998335987187274e-05
2.998096000515869e-02,2.222671087134964e-04,4.568215922344134e-05
3.073021070011414e-02,2.135381619627757e-04,4.247229092339542e-05
3.149818583230558e-02,1.759982832406473e-04,3.651959277305380e-05
3.228535334197272e-02,1.407193152891853e-04,3.161049156926528e-05
3.309219286359555e-02,1.952535211606017e-04,3.562097640597191e-05
3.391919601814372e-02,1.321087828178288e-04,2.805182119447226e-05
3.476686671262955e-02,5.891183589948494e-05,1.792881436570206e-05
3.563572144714702e-02,5.555789617298342e-05,1.637864650319484e-05
3.652628962958412e-02,4.326207068277628e-05,1.420425840335029e-05
3.743911389819998e-02,5.905622398394488e-05,1.611875211451735e-05
3.837475045226349e-02,4.826697396378405e-05,1.396236516057875e-05
3.933376939095502e-02,2.254300722330696e-05,9.194511046852647e-06
4.031675506073743e-02,5.348908752380810e-05,1.349914736698969e-05
4.132430641140827e-02,6.399238262448598e-05,1.405642462712446e-05
4.235703736105005e-02,4.078501592764253e-05,1.079939812835252e-05
4.341557717010087e-02,4.283013339692059e-05,1.059413218096518e-05
4.450057082477347e-02,3.996505625992799e-05,9.829407139291106e-06
4.561267943005625e-02,3.711169025570631e-05,9.026801416425919e-06
4.675258061253572e-02,2.107059036142798e-05,6.598097056412720e-06
4.792096893328582e-02,1.281928466629009e-05,4.904279058942310e-06
4.911855631107576e-02,1.570441377822585e-05,5.177802943375158e-06
5.034607245615415e-02,1.577094148876489e-05,4.997993224926627e-06
5.160426531487383e-02,1.923437502276960e-05,5.339332261019313e-06
5.289390152542819e-02,2.070722954650777e-05,5.287883251641866e-06
5.421576688497683e-02,1.742349064258656e-05,4.671298423090209e-06
5.557066682844503e-02,1.778522576990618e-05,4.537769678434474e-06
5.695942691928889e-02,1.327561358906449e-05,3.786817884138712e-06
5.838289335252513e-02,1.196400834575194e-05,3.455341923933102e-06
5.984193347033199e-02,8.412474583665821e-06,2.805304109716900e-06
6.133743629053552e-02,8.562477691420464e-06,2.738179817549322e-06
6.287031304830318e-02,3.301119947965135e-06,1.650275368754623e-06
6.444149775137481e-02,7.529617245525330e-06,2.442600768069170e-06
6.605194774916942e-02,7.971981500292865e-06,2.469383677316266e-06
6.770264431611427e-02,8.937766944145683e-06,2.564865966467736e-06
6.939459324955209e-02,5.973484732363495e-06,2.049754740892727e-06
7.112882548259036e-02,3.028411236830490e-06,1.459426969315519e-06
7.290639771226634e-02,6.836636256714700e-06,2.172311584400152e-06
7.472839304341033e-02,4.380074147428389e-06,1.731353897245129e-06
7.659592164859994e-02,7.335020057926311e-06,2.243936906376899e-06
7.851012144460688e-02,8.691205895863939e-06,2.383149120004301e-06
8.047215878574897e-02,6.142390110889541e-06,1.973966405858052e-06
8.248322917456952e-02,5.433374949004034e-06,1.811975562827087e-06
8.454455799027730e-02,5.058099876435083e-06,1.715117698021590e-06
8.665740123539079e-02,3.423330611966153e-06,1.386492270044764e-06
8.882304630104171e-02,3.605442651074380e-06,1.412650930018628e-06
9.104281275140437e-02,1.909808259340971e-06,1.013502141714476e-06
9.331805312772826e-02,4.708263213169571e-06,1.570049041397681e-06
9.565015377246444e-02,2.516709602148048e-06,1.129099098534942e-06
9.804053567398739e-02,6.168884094764670e-06,1.754850776859260e-06
1.004906553324273e-01,3.354790221008137e-06,1.281812288335666e-06
1.030020056471402e-01,1.278752057628655e-06,7.834898330154636e-07
1.055761168263568e-01,3.647399019310067e-06,1.329359904514749e-06
1.082145573195643e-01,3.183673162096854e-06,1.245889002231248e-06
1.109189347731892e-01,4.397600332167309e-06,1.454776989346348e-06
1.136908970101633e-01,2.378201573868981e-06,1.068145755353116e-06
1.165321330339703e-01,3.627102207227302e-06,1.330457729704679e-06
1.194443740577841e-01,1.488429877558014e-06,8.594666137704875e-07
1.224293945593262e-01,1.430254803894321e-06,8.752920167919379e-07
1.254890133620853e-01,2.255571829896002e-06,1.127596952888792e-06
1.286250947435567e-01,2.053840993976862e-06,1.127475225528351e-06
1.318395495711785e-01,2.729405247198303e-06,1.373479244257414e-06
1.351343364666556e-01,2.468737468869685e-06,1.356843934009315e-06
1.385114629993806e-01,3.974818657056545e-06,1.830413960816684e-06
1.419729869096798e-01,2.207973674208295e-06,1.451380156616825e-06
1.455210173626298e-01,2.719609552760484e-06,1.659019804020305e-06
1.491577162332068e-01,0.000000000000000e+00,0.000000000000000e+00
1.528852994235539e-01,1.531151060372618e-06,1.371118647413521e-06
1.567060382131677e-01,2.261859134459872e-06,1.709357017410068e-06
1.606222606428273e-01,1.396534000193019e-06,1.396654306118551e-06
1.646363529331091e-01,0.000000000000000e+00,0.000000000000000e+00
1.687507609383510e-01,0.000000000000000e+00,0.000000000000000e+00
1.729679916369533e-01,0.000000000000000e+00,0.000000000000000e+00
1.772906146589224e-01,1.869480617806834e-06,1.869661693371924e-06
1.817212638515907e-01,0.000000000000000e+00,0.000000000000000e+00
1.862626388844636e-01,0.000000000000000e+00,0.000000000000000e+00
1.909175068941740e-01,2.177914417475127e-06,2.257275499778849e-06
1.956887041705457e-01,1.571929313201480e-07,5.989915113156767e-07
2.009268991224141e-01,0.000000000000000e+00,0.000000000000000e+00
