SampleLogFunc,Substrate Roughness,Oxide thick,Oxide Hydration,Lipid APM,Head Hydration,Bilayer Hydration,Bilayer Roughness,Water Thickness,Backs par D2O,Backs par SMW,Backs par H2O,Scalefactor 1,SLD D2O,SLD SMW,SLD H2O
-13.244721,0.49112663,0.10187825,0.43742951,0.48445006,0.30835590,0.42649565,0.12439020,0.43403419,0.28917582E-1,0.33474366E-1,0.99318640E-1,0.38939349,0.86237756,0.58851590,0.29013436
-13.244721,0.49112663,0.10187825,0.43742951,0.48445006,0.30835590,0.42649565,0.12439020,0.43403419,0.28917582E-1,0.33474366E-1,0.99318640E-1,0.38939349,0.86237756,0.58851590,0.29013436
-13.079199,0.55071550,0.18584021,0.31189823,0.56314883,0.24941420,0.26323498,0.65045277E-1,0.37081911,0.42385396E-1,0.45348730E-1,0.65679527E-1,0.31664605,0.94795889,0.60022768,0.51290268
-12.147175,0.52005950,0.17859247,0.51167786,0.56793237,0.38523330,0.53000717E-1,0.30984106,0.13048674,0.10113179,0.90226367E-1,0.30716380E-1,0.28015200,0.97434944,0.55210686,0.66817097
-8.4561544,0.50893767,0.16264497,0.50570747,0.53691382,0.39203071,0.14709977,0.25286888,0.18851608,0.74552805E-1,0.10392296,0.56614177E-1,0.31718600,0.93293040,0.53127524,0.53538452
-7.9188191,0.43536925,0.17841283,0.47292542,0.50353054,0.39823869,0.20999052,0.28160566,0.21326750,0.64625504E-1,0.59311661E-1,0.60814256E-1,0.33204499,0.91928499,0.42886828,0.44304263
-8.6121136,0.46968740,0.12894406,0.45724478,0.51409562,0.45763785,0.19803315,0.33269092,0.26874967,0.65557159E-1,0.11541115,0.12157111,0.33696563,0.89888393,0.47572653,0.45338540
-6.9141224,0.50621987,0.14872707,0.41264744,0.51403751,0.43353493,0.12457791,0.28922010,0.24109642,0.91730933E-1,0.47750558E-1,0.41730635E-1,0.34679106,0.89672722,0.43264726,0.57378766
-6.8375856,0.39471669,0.18094523,0.46184922,0.52929259,0.47833140,0.14672532,0.26239964,0.20973335,0.25372063E-1,0.94171094E-1,0.41784983E-1,0.33407180,0.91393599,0.40338912,0.60954548
-8.9748575,0.44023569,0.13997855,0.42693401,0.55306070,0.49600482,0.57167825E-1,0.32154823,0.27293345,0.30535145E-1,0.68425278E-1,0.52636744E-1,0.34360835,0.85850080,0.27249720,0.76978079
-6.5885341,0.35524143,0.17637509,0.52546417,0.51588634,0.64986881,0.14338946E-1,0.34317905,0.10160270,0.27181304E-1,0.98846616E-1,0.25598271E-1,0.34171290,0.89482905,0.36210055,0.69287057
-17.152505,0.63143674,0.92552267E-1,0.47580881,0.58275502,0.17419170,0.20827114,0.11611803,0.27660807,0.15491497,0.24615491E-1,0.42260352E-1,0.34372892,0.92964294,0.51785055,0.56428328
-9.5505049,0.40462429,0.14499048,0.53337871,0.50247386,0.54582136,0.10409839,0.29579541,0.21202718,0.89757735E-2,0.88423785E-1,0.81558625E-1,0.35228448,0.85366094,0.25321281,0.55069391
-13.588486,0.43886168,0.20689257,0.57396389,0.50143645,0.36625133,0.18553506,0.23837049,0.18165277,0.32509725E-1,0.10200383,0.50633664E-1,0.29115355,0.94548274,0.48915396,0.37689069
-10.562753,0.37938363,0.13709494,0.59843245,0.50635787,0.42088672,0.11711755,0.30017103,0.12936755,0.10549476,0.78507637E-1,0.73868308E-1,0.34702928,0.92275930,0.34132649,0.63404422
-10.149474,0.45257356,0.18240899,0.29434202,0.60186664,0.34819311,0.22494693,0.22134894,0.34828816,0.38395685E-1,0.51040134E-1,0.12643805,0.34398676,0.89790990,0.32122169,0.74676609
-7.8945119,0.61183253,0.17837277,0.39833045,0.58360590,0.38362096,0.10254278,0.29128766,0.20768732,0.60959985E-1,0.31244779E-1,0.38430110E-1,0.37256557,0.83406041,0.30837625,0.93791522
-11.429536,0.41817875,0.12154009,0.62788100,0.44491512,0.32800426,0.20833418,0.23100879,0.20536748,0.47561041E-1,0.76872159E-1,0.38056645E-1,0.38111975,0.85868112,0.33428827,0.63168033
-8.7621976,0.49494018,0.15882989,0.58006246,0.45356630,0.63953676,0.18096277,0.78505542E-1,0.85691564E-1,0.27964259E-1,0.60153960E-1,0.14190882,0.32278731,0.86457798,0.41140734,0.19762259E-1
-10.171111,0.75411365,0.15496781,0.36071064,0.55175696,0.58556985,0.17619978,0.66345177E-1,0.20470667,0.34385485E-1,0.80485623E-1,0.39561110E-1,0.32585563,0.84754624,0.52361793,0.47265031
-9.5765600,0.30511530,0.15126629,0.59326159,0.49710924,0.34634280,0.16254122,0.17873897,0.18514298,0.26910677E-1,0.80979235E-1,0.13116956,0.32825843,0.95410340,0.47494362,0.64417668
-8.9153170,0.51519378,0.12785919,0.39133806,0.56391070,0.50148671,0.20910908,0.30406683,0.20867593,0.30761677E-1,0.21639187E-1,0.15168189,0.33431188,0.91515440,0.57040545,0.71944129
-12.683485,0.96180184,0.19039088,0.22854480,0.71158322,0.60911389,0.26766754,0.32444606,0.87428792E-1,0.39607347E-1,0.15735226E-1,0.13126359,0.39260399,0.89177239,0.51292259,0.68761271
-7.5325699,0.67794645,0.16502065,0.21642574,0.46275892,0.74722909,0.58234393E-1,0.17836760,0.18760154,0.21200114E-1,0.67910834E-1,0.11669465E-1,0.31121361,0.89561782,0.44525189,0.31950924
-16.052085,0.24492151,0.12760935,0.36233352,0.54073887,0.28782762,0.29794556,0.19568747,0.49927378,0.58387368E-1,0.63038904E-1,0.12331795,0.29249842,0.92733305,0.58154367,0.74410684
-8.0056118,0.68869995,0.10559199,0.20167221,0.66090527,0.19780030,0.31722026E-1,0.37136682,0.44487017,0.53525977E-1,0.14490163,0.10346712,0.35255731,0.84999568,0.38495784,0.74391571
-15.281422,0.39007364,0.22073311,0.48184778,0.42665469,0.39305751,0.16616670,0.26048381,0.20487508,0.55200815E-1,0.49675601E-1,0.19714608E-1,0.32868044,0.92895182,0.36538569,0.86387017
-15.226125,0.69916269,0.11986244,0.35544857E-1,0.57494492,0.28994991,0.32224685,0.37376703,0.60843407,0.10975250,0.76579174E-1,0.85730325E-1,0.40596757,0.83694584,0.52910834,0.88338875
-10.156051,0.54194939,0.15348055,0.25899238,0.60738895,0.19393491,0.37302752E-1,0.43948454,0.38193491,0.62433881E-1,0.37919991E-1,0.27275292,0.30924428,0.91427652,0.54345600,0.74976774
-10.823424,0.62674412,0.16664806,0.27450659,0.57203190,0.25807669,0.22436753,0.12649762,0.23480668,0.57604273E-1,0.74763408E-1,0.11165949,0.30016427,0.88700525,0.60665892,0.51665140
-9.3996583,0.34731641,0.98552577E-1,0.28294024,0.51845500,0.13945772,0.23155615,0.18652511,0.42226436,0.96291486E-1,0.63638664E-2,0.74270350E-1,0.33553632,0.90607343,0.43135601,0.64933850
-16.855980,0.76108227,0.23893139,0.11142666,0.59992182,0.53759739,0.17057427,0.81467486E-1,0.32337378,0.13786283E-1,0.22850567E-1,0.11256152,0.33582852,0.85605752,0.33919051,0.97280911E-1
-9.3977572,0.33321418,0.19992065,0.50310434,0.63583219,0.24142215,0.72835801E-1,0.40893652,0.51394113E-1,0.11352285,0.94220117E-1,0.15534844,0.31829809,0.89958628,0.53234012,0.50676306
-10.825526,0.63606066,0.16629323,0.45464291,0.53510904,0.43124735,0.18994342,0.18637848,0.28117509,0.69167291E-1,0.11944515,0.19746314,0.32507715,0.90440677,0.42938941,0.30671444
-9.8964995,0.18048501,0.12451448,0.66965964,0.47628302,0.38413133,0.15373508,0.27231725,0.20318847,0.11025222E-1,0.18990778,0.65998751E-1,0.33467444,0.90076775,0.52327232,0.22033837
-4.4947182,0.64290507E-1,0.12174305,0.25999639,0.59280683,0.84384721E-1,0.15148735E-1,0.40087577,0.46417559,0.90652864E-2,0.34196711E-1,0.81369302E-1,0.31525868,0.91093706,0.49832347,0.15882238
-10.397815,0.20676472,0.13680739,0.39359416,0.44985223,0.21606503,0.28500189E-1,0.23495253,0.28332066,0.72692285E-2,0.21408672,0.64058077E-1,0.29363534,0.92087681,0.31646141,0.58518112
-10.243744,0.81673592,0.17891237,0.12622528,0.67479171,0.83897326E-1,0.23745676,0.12237340,0.28984537,0.10208389,0.67829112E-1,0.80502289E-1,0.34572602,0.85568413,0.50106215,0.33494720
-15.165581,0.34692009,0.13213590,0.66112087,0.58237227,0.31735610,0.10928357,0.64725897,0.19341829,0.89320494E-1,0.11131333,0.11123538,0.41746573,0.86062361,0.52806940,0.71008605
-11.835955,0.70024735,0.79513727E-1,0.34311531,0.60733261,0.22761687,0.50052184E-1,0.23468536,0.31878395,0.61749401E-2,0.58325694E-1,0.23967814,0.32788776,0.85292367,0.41310763,0.98796875E-1
-13.715233,0.63929519,0.17397766,0.30035400,0.53984458,0.62738657,0.76137933E-1,0.40000607,0.85967161E-1,0.73205224E-1,0.48325351E-2,0.11753139,0.31120050,0.94509363,0.33288093,0.84257238
-10.031112,0.62427125E-2,0.12242795,0.39241664,0.51749167,0.50429379E-1,0.50639385E-1,0.12114275,0.20852749,0.44022016E-1,0.13395808,0.24843174E-1,0.29107979,0.92673365,0.42502670,0.41287820
-9.7414155,0.40196637,0.11772928,0.82308287E-1,0.59049274,0.14631137,0.15208052,0.27173589,0.32522895,0.16820510E-1,0.37656920E-1,0.25682555E-1,0.32031159,0.93581314,0.36453031,0.40312992
-11.455933,0.76823938,0.20117916,0.26370436,0.79598927,0.18679143,0.24793555E-1,0.34196842,0.36250068,0.30093730E-1,0.11533734,0.41818303E-1,0.31844727,0.93695890,0.61041913,0.24033416
-6.5707960,0.98251251E-3,0.15254275,0.49816654,0.54339275,0.29488761,0.34417231E-1,0.52114998,0.37439881,0.16440591E-1,0.39368409E-1,0.76541761E-1,0.34342524,0.90366904,0.44809504,0.60304776E-1
-4.9703559,0.36095641,0.16880082,0.49348940,0.47977910,0.50664858,0.95879641E-1,0.20712951,0.90611165E-1,0.21531747E-1,0.68403002E-1,0.77368725E-1,0.31988332,0.90893243,0.39936190,0.22136815
-7.4869041,0.11346617,0.15783927,0.57765208,0.67052640,0.16105499,0.17319630E-1,0.47806650,0.19798910,0.28164483E-1,0.40181579E-1,0.11862820,0.39110241,0.88397227,0.46409735,0.38232177
-9.0889129,0.44649688,0.84682385E-1,0.10210080,0.60113559,0.19987985,0.10642188,0.27857206,0.63771020,0.17471110E-1,0.83245777E-1,0.19274182,0.32319558,0.89867027,0.48209494,0.59541240
-10.248423,0.75450570,0.13984922,0.48216017E-1,0.47762280,0.57290921,0.95455395E-1,0.14431714,0.29601957,0.79162498E-1,0.31281335E-1,0.14271395,0.33969538,0.90978552,0.34336028,0.59190094
-13.318675,0.52985507,0.19185749,0.98126286E-1,0.54065845,0.38987005,0.66447079E-1,0.17031184,0.35882398,0.11495792,0.30214959E-1,0.14693975,0.27201201,0.96934376,0.34519454,0.38217098
-9.6140273,0.42361068,0.13540720,0.61738103,0.56652773,0.11083150,0.34457191E-1,0.33127879,0.19036031,0.35456544E-1,0.81950879E-1,0.24607469E-1,0.37807561,0.81496016,0.41955996,0.37451933
-14.237728,0.73181266,0.19670803,0.46977212,0.57998878,0.15558923,0.29172060,0.30629726,0.16405917,0.10590296,0.41069204E-1,0.19507049E-1,0.39804404,0.87309112,0.35452585,0.87473079
-8.3570306,0.44134693,0.10035698,0.22680515,0.53334688,0.11052659,0.81273757E-1,0.41566994,0.42321211,0.72730292E-1,0.74071065E-1,0.10340112,0.35724191,0.90223155,0.49070982,0.26756479
-10.867233,0.58187806,0.11565816,0.26249970,0.60975050,0.14768936,0.83048426E-1,0.39626224,0.53054138,0.10713016,0.84579243E-1,0.11189387,0.35995313,0.89727121,0.59258022,0.43670699
-9.8112826,0.80208629,0.14186677,0.11643207,0.60885318,0.28701624,0.18747009,0.21193979,0.23223578,0.89743793E-1,0.26424920E-1,0.11821006,0.31917726,0.90429444,0.47737758,0.16043694
-9.1385082,0.20111297,0.89148238E-1,0.35799666,0.49746311,0.14296557,0.13889612,0.32948755,0.35218237,0.17688077E-1,0.16005470,0.13742642E-1,0.35005389,0.88664976,0.42651866,0.95634505
-9.8669379,0.70733870,0.18822863,0.42486646,0.66709454,0.16135677,0.12671844,0.32286979,0.29806007,0.42475747E-1,0.63980173E-1,0.78134516E-1,0.33539705,0.94017489,0.45058746,0.64297588
-9.2513515,0.27809267,0.20672792,0.46394664,0.54261350,0.41377044,0.16985037E-1,0.37672346,0.19507931,0.20790610E-1,0.55102493E-1,0.56722506E-1,0.36103532,0.91596910,0.31923898,0.43636519
-9.0153756,0.43057309,0.18361305,0.45058678,0.58429740,0.33826899,0.55177487E-1,0.29739179,0.11624293,0.15664627,0.51440475E-1,0.12479812,0.33552508,0.91570426,0.47923748,0.19589505
-13.446980,0.95167113E-1,0.20657953,0.44146975,0.69167129,0.72769411E-1,0.36951996E-1,0.35194025,0.38833379,0.59194273E-1,0.24093794,0.15076551,0.30689965,0.90916483,0.36024596,0.22701723
-9.7100507,0.35422633,0.13000217,0.21282253,0.45012143,0.38320988,0.20015439,0.55676741E-1,0.32547195,0.39691799E-1,0.16094607,0.15755725E-1,0.33858539,0.90097186,0.29418511,0.37714283
-8.7583390,0.52836595,0.15321517,0.36307941,0.62833076,0.15793035,0.21937028,0.12665350,0.30111483,0.49161569E-1,0.75196350E-1,0.54962773E-1,0.33979367,0.86055084,0.35747576,0.51729117
-6.8932228,0.46156491,0.12793362,0.47754991,0.63857817,0.13805440,0.83693675E-1,0.29467233,0.27206610,0.23456360E-1,0.36553206E-1,0.40410995E-2,0.37698166,0.85617045,0.52388031,0.65325319
-7.4129993,0.19107946,0.24555660,0.54183698,0.72962831,0.28500405E-1,0.12910668E-1,0.31086248,0.95219888E-2,0.69348632E-1,0.27791920E-1,0.58456852E-2,0.34730785,0.88776984,0.38853225,0.41034125
-8.4495422,0.49099870,0.15330016,0.43779175,0.44227790,0.82796481,0.11411818,0.36136863,0.12919739,0.38814215E-1,0.18379310E-1,0.14870346,0.34739390,0.88809496,0.46148349,0.55198213
-7.3994266,0.84759952,0.17957044,0.24322845,0.70548276,0.27180277,0.83744409E-1,0.25552192,0.18563682,0.28347380E-1,0.69618207E-1,0.15280234,0.32297965,0.87961602,0.47984255,0.87626103
-8.1254815,0.60267549,0.16629261,0.11633436,0.54437169,0.35331196,0.25611550E-1,0.20732306,0.36206861,0.74012811E-1,0.95300652E-1,0.15184255,0.27700419,0.94090028,0.45978946,0.19090213
-9.3327536,0.59428043,0.12250416,0.28906090,0.58307656,0.45423161,0.74751453E-1,0.37832450,0.28812917,0.23395898E-1,0.16375792,0.59581033E-3,0.37506885,0.84006012,0.49527272,0.28629558
-12.114562,0.28121369,0.15369632,0.29854342,0.61148339,0.33260818,0.14244827,0.48939052,0.44860284,0.19056538E-1,0.12583301,0.85936690E-1,0.34759291,0.87874624,0.55983156,0.79271351
-9.7059560,0.71508747,0.13155789,0.15048709,0.60736268,0.39860190,0.19920043,0.31360484,0.24043200,0.16410864E-1,0.15489527,0.10159197,0.38022253,0.83619047,0.47014148,0.83842707
-10.873123,0.53934465,0.16697444,0.28046410,0.46889658,0.86535296,0.18683110,0.61333878E-1,0.53793470E-1,0.58807923E-1,0.87313011E-2,0.13010825,0.31633556,0.87898476,0.37707170,0.69028787
-8.7487961,0.57668071,0.68695695E-1,0.10408181,0.53047008,0.21376108,0.73308943E-1,0.10857077,0.30993645,0.32951901E-2,0.11434669,0.37310523E-1,0.33694838,0.84614338,0.40564118,0.28070245
-10.673300,0.76342068,0.12954969,0.21213232,0.65320424,0.77879785E-1,0.28224830,0.10360310,0.24542165,0.37820045E-1,0.62346435E-1,0.24943402E-1,0.40034653,0.83798759,0.34957936,0.68666204
-10.747089,0.67682347,0.13352167,0.11821207,0.64524482,0.12478661,0.10426629,0.33270963,0.29846861,0.40202548E-1,0.41921267E-1,0.15131907,0.32336828,0.83797831,0.43272328,0.60520324
-8.0236703,0.53762972,0.12608802,0.36048123,0.54551157,0.28722658,0.81227199E-1,0.27308030,0.24618293,0.39968198E-1,0.66468901E-1,0.57098764E-1,0.33488389,0.91180303,0.59392949,0.19071562
-10.172422,0.66767065,0.17849375,0.13840594,0.69962517,0.94686934E-1,0.11064351,0.30707680,0.49636766,0.11035342,0.70449794E-1,0.13898359,0.31182808,0.91760522,0.49833527,0.77701848
-9.9883150,0.16604863,0.18911348,0.65913921,0.64496208,0.28519890,0.16012467,0.28160433,0.12915197,0.37443756E-1,0.65197618E-1,0.15672620,0.33568859,0.88389987,0.56180727,0.71234394
-13.013173,0.65457841E-1,0.18233412,0.83307452,0.58301879,0.27350709,0.22777176,0.43940001,0.38011168E-1,0.25763812E-1,0.56682083E-1,0.17886555,0.43256817,0.81044783,0.34526176,0.23404596
-9.5872202,0.81885869,0.14426423,0.15387628,0.60672134,0.55433977,0.10645134,0.25191489,0.13606202,0.40471980E-1,0.61561204E-1,0.20551085,0.35993061,0.83399653,0.37295226,0.35678279
-13.110149,0.81783049E-1,0.17226861,0.59554435,0.44903641,0.34877766,0.20389123,0.29966742,0.74937598E-1,0.72900096E-1,0.78946438E-1,0.19980122E-1,0.39429364,0.89606633,0.42670871,0.46798703
-7.9979295,0.72625916,0.12871262,0.32552483,0.60820539,0.35810240,0.22130052,0.14105254,0.26949543,0.16908333E-1,0.78341735E-1,0.15693874,0.35586879,0.86854585,0.42921310,0.23503911
-8.9652003,0.58946430,0.18383076,0.36934979,0.74847401,0.10328987,0.59416007E-1,0.33697465,0.24899276,0.26182108E-1,0.48217316E-1,0.91130701E-1,0.38080660,0.80260173,0.45759881,0.32072864
-9.0197167,0.68836430,0.10751140,0.57178105E-1,0.62107067,0.41570625E-1,0.20841009,0.12710720,0.42039092,0.14224072E-1,0.10168122E-1,0.11010095,0.32624769,0.95332346,0.59544242,0.65259857
-9.0864000,0.60268101,0.16785987,0.15794363,0.52581411,0.34019249,0.39070969E-1,0.18870419,0.28492603,0.69890427E-1,0.82978765E-1,0.12456364E-1,0.28188000,0.93404045,0.33429261,0.62717045
-8.8746895,0.56524465,0.16026368,0.29074601,0.50634386,0.74926236,0.15505662,0.16512027,0.15597448,0.82200866E-1,0.30032101E-2,0.13172617,0.32906163,0.90596430,0.49546394,0.27967103
-6.7357722,0.49299175,0.18939832,0.43974549,0.66185627,0.29224987,0.41304489E-1,0.30343282,0.13960403E-1,0.45807114E-1,0.93339892E-1,0.61929581E-2,0.33172445,0.91465434,0.50840917,0.98475045
-14.099517,0.21590609,0.17868860,0.56979539,0.61337050,0.28150707,0.40588248,0.22284750,0.68624467E-1,0.22788420E-1,0.92440876E-1,0.75534366E-1,0.34947779,0.88506327,0.52805008,0.77064299E-1
-8.9157681,0.83079872,0.14905200,0.99655359E-1,0.65244889,0.55810604,0.83792741E-1,0.16696706,0.30740421,0.24203030E-1,0.39838795E-1,0.16146546,0.34422594,0.85187597,0.48620581,0.48676384
-12.226453,0.34890725,0.22689192,0.43293878,0.63794466,0.16054284,0.10357751,0.47803850,0.26398680,0.37248396E-1,0.40009354E-1,0.15027470,0.35530537,0.88064176,0.22610496,0.94072294E-1
-10.048399,0.30000670,0.12602887,0.46692986,0.56939689,0.25471416,0.15488419,0.47392087,0.44143429,0.85261942E-1,0.71329220E-1,0.19360768,0.38204239,0.86898014,0.42741140,0.45338015
-6.8696540,0.24355326,0.13730258,0.27890272,0.49126486,0.15947823,0.76980090E-1,0.16999769,0.32312422,0.14080431E-1,0.97338153E-1,0.16114656E-1,0.29707187,0.90144600,0.31627229,0.54518841E-1
-10.005944,0.48245213,0.78679261E-1,0.16981194,0.48126138,0.27663487,0.10025522,0.37900092,0.50837249,0.32174493E-1,0.17911276,0.73960513E-1,0.34616392,0.83947077,0.48903299,0.38542042
-6.1308374,0.34493842,0.79142394E-1,0.23580070,0.57681181,0.24180652,0.20420474E-1,0.34008943,0.48240584,0.95973209E-2,0.71860254E-1,0.11462307,0.34705832,0.85988806,0.40696797,0.91473312E-1
-10.848239,0.29092873,0.14641721,0.24746028,0.51882918,0.25824847,0.83594730E-1,0.26826894,0.32894483,0.51794872E-1,0.47563617E-1,0.73414929E-1,0.37843322,0.87094948,0.24116205,0.23032283
-7.5360835,0.87029288,0.18993488,0.27876854,0.79706370,0.51382483E-1,0.96838784E-1,0.33912108,0.16068473,0.25887633E-1,0.73239152E-1,0.13176334,0.37100604,0.84152873,0.61710283,0.97070314
-8.1750901,0.53973399,0.18854608,0.59622303,0.68459523,0.20833829,0.46463759E-1,0.41031505,0.15656609,0.33244797E-1,0.39787992E-1,0.10084164,0.35277579,0.82793969,0.46564565,0.49604024
-8.9225982,0.32111339,0.21110161,0.40520208,0.52876819,0.30796148,0.45367839E-1,0.28760507,0.17384168,0.18164883E-1,0.88611446E-1,0.11336478,0.33957874,0.82904939,0.32669532,0.25107415
-8.2852450,0.59755172,0.18629383,0.34787744,0.76941398,0.36735207E-1,0.60591280E-1,0.37578579,0.55588549E-1,0.29621312E-1,0.19961910E-1,0.56138141E-1,0.35461954,0.86506219,0.49320856,0.11337518
-11.237887,0.76458521,0.13337521,0.27572900,0.58928418,0.21635227,0.32797895,0.10904274,0.30269581,0.79848113E-1,0.39209692E-1,0.40343030E-1,0.32905041,0.89944785,0.59320642,0.72185585
-13.737064,0.83736710E-1,0.17127762,0.41237538,0.37597042,0.83773018,0.55854126E-1,0.20484135,0.56386971E-1,0.36581589E-1,0.77905497E-1,0.98230300E-1,0.29204826,0.98098836,0.27238534,0.81586476
-8.1798993,0.24969201,0.11366176,0.31308365,0.50055552,0.36518149,0.61647015E-1,0.34473362,0.40292802,0.93514165E-1,0.10774436,0.64286032E-1,0.31885499,0.91725755,0.33174376,0.31140677E-1
-10.325932,0.48356582,0.15562281,0.52822330,0.62042256,0.42903951,0.13256188,0.49988326,0.31985952,0.25021812E-1,0.52705130E-1,0.14149924,0.39731845,0.86871033,0.42275190,0.29276720
-11.475537,0.51714307,0.11696771,0.45091536,0.66626459,0.81631841E-1,0.23075658,0.27554135,0.32690794,0.10433386,0.89112968E-2,0.10552396,0.32698670,0.91449492,0.61280982,0.68723649
-7.1153710,0.61367842,0.10258295,0.31259612E-1,0.63678721,0.65728021E-1,0.53641862E-1,0.34583472,0.65765238,0.13466129E-1,0.38303795E-1,0.21840901,0.34165908,0.87240986,0.44167948,0.39869950
-10.697131,0.40187137,0.23334421,0.45088308,0.56634979,0.16817815,0.13316842,0.36324753,0.59622245E-1,0.11924810,0.54099144E-1,0.92993144E-1,0.34674986,0.87966231,0.39525755,0.67897454
-13.484329,0.58978850,0.20771002,0.42467410,0.63309037,0.56988525,0.14015882,0.35730988,0.21964425,0.61766835E-1,0.17904126,0.17349635,0.33126708,0.89488038,0.35798816,0.52747486
-13.627198,0.74290055,0.86527584E-1,0.93469651E-1,0.58869401,0.57491711,0.19759768,0.62366102E-1,0.30235310,0.81167371E-2,0.67618966E-1,0.15538957,0.34266955,0.80596629,0.48797685,0.89034339
-10.113300,0.51300970,0.10427435,0.13236650,0.63612384,0.10146517,0.30238274,0.31589453,0.57270237,0.48413256E-1,0.11505229,0.12735561E-1,0.35899170,0.90809889,0.58817608,0.32719235
-7.5986599,0.69975100,0.13910504,0.21508594,0.70203191,0.13652987,0.91117941E-2,0.36613757,0.50044198,0.26794623E-1,0.16534864E-1,0.93898366E-1,0.35651700,0.87381433,0.57317328,0.44957315
-10.201635,0.58154546,0.12082533,0.24658838,0.52009351,0.12935357,0.24400090,0.22877398,0.44002235,0.22530731E-1,0.15462117,0.15963236,0.33340381,0.89423174,0.42668534,0.64821266
-11.877140,0.69193564,0.19246616,0.45440408,0.72893551,0.40593496,0.40858538E-2,0.51869295,0.17940755,0.83840409E-1,0.83344367E-1,0.16619107,0.39720486,0.79483452,0.47967209,0.80120395
-8.7487561,0.75627120,0.11918144,0.13686958,0.47617749,0.65554196,0.72036485E-1,0.86223144E-1,0.21207643,0.73157927E-1,0.23081027E-1,0.15514194,0.28444463,0.91700540,0.52439131,0.10046520
-10.852310,0.55157437,0.14527069,0.53148629,0.41696646,0.67461702,0.91016981E-1,0.26807356,0.69657458E-1,0.68464381E-1,0.21500129,0.12054469,0.31414836,0.89293956,0.44803832,0.21299905
-8.0154717,0.28907656,0.20100231,0.60719386,0.43679017,0.56800903,0.13038719,0.18852544,0.31618930E-2,0.49125305E-1,0.80427196E-1,0.31995508E-1,0.34663066,0.86687906,0.34330459,0.95496161E-1
-11.558230,0.70514494,0.98287528E-1,0.18356619,0.34617893,0.86487251,0.16493025,0.46927392E-1,0.16704711,0.27485675E-1,0.16250617,0.21177467,0.32078799,0.89079562,0.39448675,0.48458227
-11.407558,0.65833786,0.15355521,0.42957668,0.54441590,0.47181423,0.20237631,0.23373370,0.21534107,0.15722133E-1,0.15621375,0.26576923,0.36658064,0.88322357,0.52063532,0.43848198
-10.114227,0.61908182,0.18862435,0.30303543,0.65733787,0.25887445,0.10122611,0.24831986,0.17413347,0.40563569E-2,0.16890348E-1,0.68719633E-1,0.30920010,0.92680958,0.28585017,0.25632916
-7.9334177,0.41151462,0.20090887,0.47693351,0.62416767,0.99221809E-1,0.21200631,0.17474526,0.18275007,0.95351780E-2,0.61982222E-1,0.15030196,0.33064648,0.90625371,0.50578062,0.36357661
-5.5220368,0.72786226,0.14726287,0.17237432,0.65636330,0.25495620,0.61032264E-1,0.27021894,0.26365061,0.28378824E-1,0.32008396E-1,0.65058343E-1,0.34134723,0.91268162,0.52548857,0.93799073
-7.5449835,0.40109436,0.14334884,0.30990309,0.60595883,0.93412857E-1,0.19102775E-1,0.43249673,0.42721497,0.13141811,0.12275754,0.15312358,0.33382592,0.89668725,0.41529502,0.42200179
-10.176856,0.68877988,0.65607969E-1,0.86830195E-1,0.47960895,0.73269907,0.17728027E-1,0.20173656,0.29618697,0.58636860E-1,0.62161894E-1,0.18424248,0.29582266,0.90734643,0.44860485,0.57452148
-9.2321595,0.71770237,0.16235057,0.35151347,0.59681859,0.26411098,0.17761885,0.27654635,0.12048239,0.57647544E-1,0.66837954E-1,0.12947812,0.34292227,0.91409728,0.62128782,0.73889498
-10.452833,0.39281780,0.14036224,0.40719754,0.64539634,0.50071463E-1,0.14380443,0.33274782,0.36589963,0.37819621E-1,0.18396944,0.15178041,0.37176502,0.91798552,0.46962755,0.64640499
-10.132001,0.33082781,0.11621574,0.17245218,0.54181099,0.10483465,0.13325670,0.42222029,0.57691940,0.28215203E-1,0.64297376E-1,0.20851011,0.32347715,0.88290298,0.45776130,0.65971178
-7.2348297,0.16427271,0.10124355,0.47606484,0.53334978,0.15534525E-1,0.97779276E-1,0.34906275,0.34013718,0.21236229E-1,0.70991417E-1,0.14801834,0.34007535,0.89504394,0.48886914,0.59466808
-9.1607717,0.39435206,0.12196464,0.22658327,0.61727456,0.19371342,0.12844299,0.26163612,0.36180601,0.66910509E-1,0.62154438E-1,0.11440381,0.30045463,0.94372327,0.43587257,0.36127805
-8.3742749,0.87661837,0.17541101,0.19253553E-1,0.67043982,0.15594501,0.12741878E-1,0.17495387,0.28181589,0.42768443E-1,0.71947380E-1,0.83282239E-1,0.29191127,0.94082137,0.59356658,0.47304102
-8.6758234,0.60551581,0.16047780,0.48928374,0.62422407,0.54449742,0.75699285E-1,0.42103355,0.52542254E-1,0.67134541E-1,0.43660479E-1,0.48627749E-1,0.37429875,0.89914672,0.55066936,0.70356249
-6.4045826,0.30212611,0.11920372,0.33844827,0.56833775,0.18484449,0.10060880,0.53321458E-1,0.27184980,0.52363850E-2,0.64080817E-2,0.83822283E-1,0.32957078,0.84445126,0.48130191,0.35107049
-6.9038947,0.67363023,0.11235071,0.57005610E-2,0.60878692,0.28442495,0.12753854,0.19379310,0.40592904,0.55161969E-1,0.83722977E-1,0.15357304,0.33615858,0.91655037,0.49515991,0.31333588
-5.6995155,0.35772100,0.10675526,0.14731400,0.64871023,0.53646718E-1,0.11860122E-1,0.37163692,0.49937714,0.31978233E-1,0.86008145E-1,0.49695290E-1,0.32164263,0.91238754,0.41727401,0.75515877
-6.5807235,0.94738676E-1,0.14858525,0.43436315,0.53402046,0.33122220,0.67362753E-1,0.23720759,0.15346659,0.17320489E-2,0.47374537E-1,0.10405939,0.31458530,0.88363042,0.50656502,0.64860910
-10.126299,0.13594798,0.16075013,0.65732472,0.53826656,0.44911667E-1,0.30046977,0.17332325,0.89191109E-1,0.64093844E-1,0.18509223E-1,0.79333728E-2,0.34135700,0.89674030,0.46229771,0.31634189
-6.1561625,0.20294375,0.12754990,0.43670409,0.55946746,0.41279778E-1,0.24621453,0.16248175,0.27973692,0.20971784E-1,0.10368746E-1,0.14640976E-1,0.35143088,0.88818853,0.42236638,0.66935829
-7.2557936,0.82531257E-1,0.16145519,0.49182933,0.56515644,0.25025240,0.65426699E-1,0.34208857,0.26873362,0.74767292E-1,0.87406357E-1,0.42957654E-1,0.36537562,0.83561789,0.31835224,0.48437727
-6.3562501,0.46631111,0.14765661,0.39501200,0.59119130,0.26519717,0.19555968,0.23515378,0.27931617,0.17431764E-2,0.75496472E-1,0.57511410E-1,0.33596459,0.89211047,0.41166114,0.30752596
-7.2908248,0.48367412,0.22335806,0.47350079,0.60103335,0.36553864,0.76564687E-2,0.42625734,0.37543952E-1,0.90688696E-1,0.16220179E-1,0.21086800E-1,0.33954578,0.85445811,0.52578724,0.56400539
-7.9648148,0.20499507,0.17829217,0.49865218,0.57232502,0.21095937,0.18725251,0.21170294,0.19461953,0.77961868E-1,0.57834005E-1,0.41311596E-1,0.36383947,0.88818267,0.45952220,0.22639696
-6.7998103,0.70274093,0.13212949,0.21097079,0.56036213,0.47827852,0.63217005E-1,0.30275013,0.24746822,0.76834754E-1,0.14877813E-1,0.73437165E-1,0.35398710,0.85715139,0.37255365,0.38882669
-8.7972115,0.61872529,0.11047722,0.92775624E-1,0.63976914,0.62367978E-1,0.85962776E-2,0.41893627,0.52772078,0.11740608,0.84947468E-1,0.13729475,0.31487606,0.94870790,0.57111531,0.40451236
-12.261855,0.54933304,0.14513506,0.28625816,0.57668713,0.49027229,0.22459994,0.40765903,0.31329588,0.95944161E-1,0.11712037,0.74284044E-2,0.37817467,0.83563734,0.49599521,0.76317639
-11.865809,0.22790929,0.11144212,0.33626659,0.52317788,0.34111777,0.42503069E-1,0.47312315,0.41543168,0.67001107E-1,0.13793038,0.25120228E-1,0.35924502,0.89538404,0.20136693,0.42688506
-9.5507023,0.63392720,0.12260120,0.19857775,0.61595104,0.32143912,0.22648648E-1,0.29903632,0.18529005,0.69545002E-1,0.10419503,0.59028086E-2,0.34431738,0.90852372,0.37834246,0.28460169
-7.2278025,0.29536145,0.17713267,0.46445651,0.63492531,0.19209454,0.88681080E-1,0.26481306,0.12980777,0.53345154E-1,0.10214366,0.84590486E-1,0.36628149,0.84311558,0.36698411,0.57020372
-9.4894018,0.51059057,0.15998063,0.55257032,0.71818827,0.22744019,0.90069954E-2,0.50587810,0.30595741,0.15581537E-1,0.48800763E-1,0.63676168E-1,0.39594764,0.89200991,0.46257726,0.74072785
-8.8546738,0.69379636,0.14432301,0.10215197,0.59121898,0.27788571,0.22856261,0.11778528E-3,0.29055702,0.26596642E-1,0.13567042,0.25293102E-1,0.34830502,0.83664694,0.37321531,0.17756050
-7.0651162,0.48927750,0.14146352,0.15389311,0.55623312,0.22505397,0.10418765,0.20277611,0.46816493,0.22623765E-1,0.14231627,0.97594895E-1,0.32528560,0.92150360,0.43327194,0.55302004E-1
-9.8263187,0.49298185,0.23231164,0.49376106,0.53398133,0.58219623,0.23169390,0.16005868,0.49311729E-1,0.20608282E-1,0.42231657E-1,0.64374534E-1,0.33769426,0.93681959,0.32090015,0.61275144
-15.641876,0.42676613,0.52858111E-1,0.50071030,0.38105284,0.58012763,0.24056590,0.28323993,0.47770849,0.18915236E-1,0.88793441E-1,0.23970312,0.36489515,0.87285691,0.40902139,0.26469574
-7.5583049,0.76010244,0.17259772,0.31743731,0.71607268,0.29704867,0.36763737E-1,0.26054027,0.13052098,0.29026197E-1,0.41945611E-1,0.15868652,0.37145710,0.84028332,0.42490093,0.51594413
-9.0221159,0.81505503,0.18084168,0.23185987,0.65506710,0.88394459E-1,0.79314881E-1,0.95523015E-1,0.24326238,0.48098566E-1,0.52557018E-1,0.66355989E-1,0.32231769,0.85997176,0.37747640,0.55796205
-7.9811155,0.51851392,0.14640883,0.22135273,0.62925919,0.31147011,0.11909094,0.29462873,0.39574148,0.31529788E-1,0.93112425E-1,0.14777723E-1,0.36860630,0.83986227,0.36956833,0.91230474
-6.6486683,0.42312961,0.15977214,0.35724084,0.58663093,0.16221136,0.72104656E-1,0.27525123,0.36422333,0.51027683E-1,0.49724823E-1,0.37287102E-1,0.34323671,0.91851699,0.39832877,0.36570839
-5.5867523,0.23770307,0.19998267,0.48499410,0.52257632,0.41608093,0.94183282E-1,0.22864313,0.63122871E-1,0.16316569E-1,0.38369462E-1,0.47355511E-1,0.32201358,0.90703826,0.42204379,0.68641540
-11.595814,0.70888243,0.20506209,0.27087199,0.62360449,0.40129302,0.10392813E-1,0.11001813,0.19494184,0.88852993E-1,0.48932897E-1,0.14595841,0.26821542,0.95632721,0.61492992,0.50832142
-6.4616656,0.20966508,0.12833802,0.43610991,0.51443232,0.35741142E-1,0.11272821,0.27629563,0.38965469,0.42082070E-2,0.55192792E-1,0.10717378,0.34128101,0.86227389,0.41792157,0.27946644E-1
-13.421450,0.36732637,0.57501296E-1,0.14096800,0.60678041,0.43891750E-1,0.10380152,0.11121343,0.53712209,0.42516588E-1,0.61309028E-1,0.10667286,0.33617449,0.81280003,0.51035101,0.37859449E-1
-9.5837717,0.49846975,0.15463823,0.29075059,0.65264162,0.37155265,0.54748112E-1,0.14568266,0.24020578,0.58385809E-2,0.44061000E-1,0.17587187,0.35036053,0.83377003,0.40291462,0.49919656
-6.3076259,0.24562583,0.17438000,0.47169061,0.69463997,0.60621646E-1,0.17997229E-1,0.34309290,0.30790859,0.61442489E-1,0.79614915E-1,0.81378998E-1,0.32945686,0.90547124,0.46644465,0.15794127
-14.185616,0.50686778,0.20352477,0.71557766,0.60025245,0.27468665,0.16698465,0.41132069,0.67908620E-1,0.54793440E-2,0.98378844E-1,0.62586242E-1,0.37359267,0.86945565,0.67905197,0.76486674
-12.785790,0.42688953,0.13490131,0.36479981,0.57075461,0.21727758,0.17710620,0.27177392,0.23456406,0.51360857E-1,0.65868390E-1,0.13233957,0.29408278,0.97458102,0.54712245,0.88618463
-7.8412470,0.67579558,0.21098168,0.54082899,0.71582436,0.61817531E-1,0.89648702E-1,0.42219284,0.38667363E-1,0.78287042E-1,0.48952309E-1,0.73032290E-1,0.37370900,0.84765383,0.59253602,0.85530374
-9.5839190,0.35297334,0.12958929,0.23959553,0.53217428,0.44816166,0.14688903,0.40303271,0.34147345,0.61935631E-1,0.65314525E-1,0.14553253,0.33535084,0.88182960,0.46333135,0.52491613
-12.797693,0.40841101,0.17257257,0.28648792,0.50396912,0.14332435,0.85169944E-1,0.11156207,0.21063360,0.39651444E-1,0.28044276E-1,0.11226709,0.34166849,0.86687002,0.28943155,0.92179217
-10.668239,0.90389860,0.19011461,0.19143711,0.69820974,0.45155374,0.96249616E-1,0.34857941,0.92353497E-1,0.39044628E-1,0.12522235,0.16495756,0.32628067,0.88362283,0.48354634,0.91072547
-13.921162,0.60015808,0.14272631,0.34940423,0.43729506,0.26202134,0.60164270E-1,0.13189338,0.29528194,0.57701584E-1,0.92457421E-1,0.18376594,0.30049354,0.93043806,0.43633447,0.54375251
-8.9432836,0.58981929,0.15107970,0.52749544,0.48767572,0.53891384,0.17725786,0.14379961,0.29304757E-1,0.76855152E-2,0.14424416,0.10652619,0.36616077,0.87599814,0.32968743,0.55822367
-9.9639450,0.42709644,0.13466645,0.46152153,0.62747761,0.84594720E-1,0.48592439E-1,0.26311503,0.23999354,0.42645778E-1,0.46081870E-1,0.24334965,0.35499732,0.88798920,0.54486794,0.43670910
-10.287825,0.54863876,0.10914309,0.52487524,0.42633971,0.54019846,0.12781484,0.13221504,0.86128744E-1,0.43406314E-1,0.15376451,0.70974424E-1,0.33957967,0.86726534,0.42190245,0.37826039
-10.459156,0.21899784,0.95807402E-1,0.78836535E-1,0.57609340,0.11291405,0.21990626,0.25442931,0.54412225,0.46861282E-1,0.13488782,0.11095409,0.33856411,0.90019133,0.51509977,0.69287005
-9.4668974,0.50202038,0.16340960,0.41301499,0.55280121,0.42028557,0.11085132,0.31936022,0.36158417,0.15624995E-1,0.92172910E-1,0.62968791E-1,0.31153870,0.94839892,0.47215739,0.23500635
-7.9549329,0.54105213,0.13759267,0.71386780E-1,0.60502948,0.19021778,0.12241744,0.15752864,0.47968502,0.44350369E-1,0.33098290E-1,0.15163449,0.29469600,0.91229667,0.49569763,0.48640509
-10.501910,0.80230254,0.22566616,0.35873502,0.77920139,0.32580451,0.54597729E-1,0.52895212,0.19144715,0.49670476E-1,0.59559517E-1,0.11928274,0.37725577,0.88915195,0.46974243,0.40612590
-6.6558977,0.75915190,0.11013701,0.13703282,0.70349056,0.81239288E-1,0.25574730E-1,0.35425489,0.42283168,0.17618651E-1,0.10709713,0.11564451,0.34970233,0.84075262,0.54808953,0.33835957
-7.3257480,0.34511115,0.96107240E-1,0.17942870,0.44626409,0.42891248,0.82115368E-1,0.16882124,0.41635042,0.12598036E-1,0.23392242E-1,0.10418484,0.33549454,0.86625935,0.42643308,0.32634871
-7.2579326,0.46125661E-1,0.16280784,0.43497825,0.62054912,0.18053664,0.16922738E-2,0.31825944,0.24914195,0.18481908E-1,0.60680213E-1,0.19420916,0.31952608,0.93754446,0.42120803,0.24803428
-7.7826770,0.34244059E-1,0.18150133,0.46300405,0.57250564,0.20745031,0.17365786E-1,0.34944900,0.23760388,0.53664905E-1,0.72835703E-1,0.10588840,0.28619567,0.92162064,0.50878994,0.66508081
-7.8424026,0.73068127,0.11508756,0.76276074E-1,0.67461359,0.13066583E-1,0.19215042,0.32376168,0.50300940,0.60045523E-1,0.15620039,0.10446628,0.37066438,0.87947977,0.50392308,0.54899138
-6.5110967,0.44737494,0.12785777,0.44538365,0.55572486,0.42129157,0.46513286E-1,0.23582212,0.87012630E-1,0.26676033E-1,0.42544437E-1,0.99650840E-1,0.34618081,0.85464313,0.35993230,0.60345851
-8.9379394,0.84279966E-1,0.20595677,0.59655432,0.52582319,0.42801137,0.12031780,0.12796101,0.32289260E-1,0.31667652E-1,0.14295268,0.10600470,0.32409825,0.87607772,0.38119523,0.82953750E-1
-6.3240559,0.84219380,0.13535586,0.46846901E-1,0.70968163,0.12319959,0.15723662E-1,0.36342821,0.38637209,0.44106271E-1,0.64500266E-1,0.45274235E-1,0.33798476,0.88079569,0.55985742,0.31115065
-10.620537,0.34786258,0.12269861,0.48001409,0.58675821,0.21615749,0.21783112E-1,0.24040886,0.14116400,0.33190995E-1,0.20678440E-1,0.37541306E-1,0.38099503,0.85553666,0.50909401,0.57843589
-6.7112670,0.28395077,0.13680205,0.53827099,0.51622718,0.49268807,0.87548553E-2,0.35998900,0.14156224,0.32278488E-1,0.10525781,0.46190150E-1,0.32995255,0.87164085,0.39527511,0.87391633
-7.7204224,0.36496048,0.15013115,0.17175905,0.61365579,0.24568786,0.74471941E-1,0.39429008,0.39150004,0.80383992E-1,0.26674969E-1,0.72125780E-1,0.33356343,0.91762888,0.54747053,0.17631581E-2
-11.693857,0.88780298,0.13370190,0.90139488E-1,0.49271394,0.67244420,0.13937612,0.25151599,0.17433273,0.66328790E-1,0.80200331E-1,0.26907097,0.34849777,0.87050184,0.38308121,0.46124275
-11.539139,0.62061693,0.15467461,0.35320875,0.55467962,0.43232410,0.12498964,0.10969246,0.55409832E-1,0.12393977,0.11442187,0.92779604E-1,0.35917021,0.83629991,0.37451857,0.69655145
-16.761993,0.42082747,0.62530542E-1,0.26460715,0.54375083,0.34907899,0.32442950,0.37051008,0.49899905,0.79929118E-1,0.10427672,0.12606911,0.34423790,0.93788516,0.67550428,0.87717035E-1
-8.4814603,0.50669485,0.95855481E-1,0.25496676,0.53757136,0.30000099,0.29462694,0.78604132E-1,0.44325200,0.28750073E-2,0.24917841E-1,0.18255987,0.33782654,0.88987295,0.46533915,0.28844694
-12.267667,0.46673493,0.16228245,0.59676623,0.45336461,0.36813122,0.42112380E-1,0.32440675,0.23668993,0.35045350E-1,0.15599512,0.21153960,0.32373976,0.90947329,0.40560411,0.48858851
-13.680153,0.36975359,0.61552114E-1,0.58397871,0.44847431,0.35495448,0.82615813E-1,0.21270174,0.24248666,0.27833879E-1,0.12321834,0.27302040,0.31811931,0.90148591,0.47046875,0.51450629E-2
-10.805737,0.67447192,0.14677186,0.52075778,0.46019944,0.65066455,0.18262399,0.79003520E-3,0.16839269,0.41488861E-1,0.26390354E-1,0.16021738,0.33309700,0.87306615,0.43458983,0.16801929
-9.8511327,0.42077128E-1,0.14806664,0.70128767,0.63997683,0.10667505E-1,0.28779699E-1,0.54191862,0.28598922,0.19126529E-1,0.48071582E-1,0.24642508,0.36217993,0.88048494,0.61856775,0.51524080
-9.1534994,0.73928786,0.14777099,0.99741573E-1,0.71623350,0.30072397,0.16486214,0.26978707,0.29825153,0.52849622E-1,0.57706113E-1,0.35768536E-1,0.38957269,0.83510959,0.43541795,0.54920130
-5.5331937,0.28907792,0.11039015,0.25451194,0.54889981,0.75485497E-1,0.51920501E-1,0.18131027,0.35274763,0.17429085E-1,0.49539357E-1,0.96122179E-1,0.31541006,0.88806757,0.47259774,0.44365046
-10.109379,0.81713824,0.20092827,0.13122698,0.63259738,0.42848950,0.83950319E-1,0.19917158,0.18535790,0.89236792E-1,0.23311668E-1,0.12337802,0.30364546,0.96129465,0.55562399,0.54013986
-11.914482,0.18853086E-1,0.14530751,0.76937573,0.65315533,0.10856288,0.80092377E-2,0.28469674,0.41742842E-1,0.27441205E-1,0.10967549,0.19540741,0.34600060,0.88932924,0.52797402,0.66183655
-8.4483740,0.77669335,0.11421671,0.28662376,0.58832250,0.38931034,0.26783001E-1,0.35855243,0.30747237,0.36428674E-1,0.11468059,0.21062794,0.35010903,0.86834650,0.49045318,0.15405356
-12.643262,0.27005901,0.13720630,0.59686817,0.45808704,0.63992277,0.82156179E-1,0.37313579,0.16313885,0.86157619E-1,0.45699052E-1,0.16798534,0.35824369,0.89951358,0.23913454,0.10809292
-14.418457,0.10370440,0.88129758E-1,0.44495811,0.47614185,0.74612173E-1,0.13369291,0.35746608,0.48247363,0.45827267E-1,0.11752742,0.14778157,0.29171866,0.93121585,0.65238702,0.29237924
-9.0338385,0.66136292,0.14042691,0.30409685,0.78518638,0.24214648,0.93616225E-2,0.42289195,0.41662354,0.12693087E-1,0.51748934E-1,0.49924642E-1,0.35769137,0.88350260,0.59666081,0.71772377
-16.064943,0.28831768,0.20723257,0.38359245,0.52342984,0.21628543,0.79832479E-1,0.25919001,0.29574880,0.78446559E-1,0.21869014,0.79617121E-1,0.34477815,0.83910477,0.36165706,0.83846642
-8.8721388,0.56484106,0.14057870,0.54754027,0.48438532,0.52496489,0.85368279E-1,0.18439506,0.14440002,0.50092715E-2,0.17199476E-1,0.19551757,0.30251660,0.94921889,0.50097131,0.67378789
-13.044518,0.47585368,0.85996386E-1,0.54845670,0.56125478,0.25061595,0.10276925,0.55775526,0.43859462,0.30836385E-1,0.11503285E-1,0.10627366,0.37990574,0.87740461,0.52143513,0.10025075
-8.6577756,0.33045173,0.15634029,0.34613508,0.54632524,0.92881869E-1,0.10644142,0.30281167,0.33943758,0.10216863,0.17118598,0.72972251E-1,0.34291307,0.85952034,0.35398794,0.47224048
-8.1281386,0.37630385,0.10739335,0.15493639,0.46087157,0.27973101,0.66315153E-1,0.20251252,0.29289340,0.17322686E-1,0.52825644E-1,0.96985949E-1,0.33536887,0.84776155,0.36101715,0.42700707
-13.362107,0.53022637,0.94575865E-1,0.44856291E-1,0.41235728,0.25008426,0.18172383,0.20751238,0.60366681,0.28233195E-1,0.16722300E-1,0.21377271,0.32415740,0.90530461,0.42705466,0.20474767
-5.9108170,0.26213807,0.13773676,0.53903173,0.59877639,0.21435456,0.10790103,0.34875568,0.23523819,0.56594558E-1,0.42621098E-1,0.15746543E-1,0.36167946,0.85457675,0.42575581,0.38270346
-10.406311,0.70239511,0.18009224,0.10746438,0.56751354,0.34364338,0.24047112,0.29605740,0.34072523,0.94871420E-2,0.43219544E-1,0.97194052E-1,0.33707699,0.90625930,0.48352199,0.28604676
-10.191224,0.57296085E-1,0.15466280,0.38374725,0.45893685,0.23163634,0.15854669,0.31328962,0.32665027,0.84387196E-2,0.14950466,0.16721872,0.32694142,0.87709225,0.44593619,0.20883987
-6.5264626,0.24224606,0.15848334,0.39651164,0.51109572,0.23562988,0.91147816E-1,0.34652998,0.37747164,0.20650591E-1,0.93903688E-1,0.59066514E-1,0.34269961,0.87499167,0.38342848,0.27158592
-7.3207798,0.49134578,0.16654617,0.23207838,0.53645955,0.25157094,0.53676268E-1,0.21249050,0.27972112,0.31557163E-1,0.80340850E-1,0.11790380,0.28926127,0.90073014,0.36623237,0.21518795
-9.2711171,0.53296279,0.12913365,0.46269568,0.60304875,0.41662170,0.14292596,0.34611539,0.30937302,0.70645971E-1,0.26856186E-1,0.20737592,0.34645155,0.88668788,0.47639704,0.77058410
-6.4224014,0.48494097,0.17110306,0.24835976,0.62939609,0.13513483,0.28863851E-1,0.37563462,0.29655486,0.61569624E-1,0.13746289,0.31008335E-1,0.31038451,0.91769399,0.47552742,0.72731522E-1
-11.341158,0.38272394,0.14372789,0.21815975,0.60322187,0.12568392,0.88011330E-1,0.30294371,0.36579904,0.28722573E-1,0.57096400E-1,0.18835613E-1,0.35651816,0.86539402,0.63789222,0.11041697
-10.367402,0.56772503,0.99207038E-1,0.36838900,0.56241398,0.22048387,0.87172597E-2,0.22749377,0.27313249,0.17587826E-1,0.72036963E-1,0.13651459,0.29304771,0.95592654,0.45717328,0.91164244
-8.4406343,0.46426075,0.11838098,0.46581753,0.43212787,0.67420171,0.95070414E-1,0.17057594,0.17988761,0.12247838E-1,0.81278207E-1,0.20374104,0.31527722,0.90772305,0.33323382,0.24928725
-8.5268111,0.46549353,0.14350315,0.23388803,0.53699203,0.21892755,0.11000604,0.87796538E-1,0.18807336,0.31003585E-1,0.12762317,0.96489872E-1,0.30453255,0.92065022,0.39286301,0.27500896
-9.4234234,0.66968535,0.15745230,0.24272972,0.69565988,0.28815669E-1,0.40126176E-1,0.30481478,0.43091959,0.14820887E-1,0.53984230E-1,0.64887835E-1,0.35939846,0.81938953,0.57705000,0.75143551
-10.153264,0.75667005E-1,0.19513733,0.55213584,0.56904838,0.20407944,0.23137925,0.20231029,0.13728981,0.11169302,0.80463749E-1,0.65146637E-1,0.35293178,0.91538764,0.36750400,0.35995917
-11.738950,0.44834312E-1,0.12349703,0.48895615,0.55250205,0.33579086,0.11971943,0.32422016,0.32755100,0.81438585E-1,0.17542632,0.79193545E-1,0.33515003,0.85840181,0.38952760,0.89876968
-11.404246,0.63752396,0.12438597,0.17988264,0.53974255,0.18604660,0.17420500,0.32775507,0.60546989,0.34331527E-1,0.16089625E-1,0.83927145E-1,0.32347338,0.91290307,0.44990213,0.48263436
-11.555867,0.58915721,0.94059616E-1,0.45115867E-2,0.45845177,0.33098674,0.85211257E-1,0.35812547,0.46038579,0.11351768,0.66083335E-1,0.17127589,0.33527952,0.85293689,0.48618007,0.25725849
-8.4580006,0.51429712,0.18120087,0.42885034,0.63711431,0.22635420,0.13620178,0.41922712,0.27674958,0.30242573E-1,0.70482791E-1,0.16535922,0.39408095,0.82722287,0.39948859,0.83928986E-1
-8.3744599,0.54344350,0.12356853,0.13152041,0.65407039,0.24219354,0.80470125E-1,0.21036708,0.45170332,0.18382176E-1,0.71411681E-1,0.11412188,0.35816606,0.82187664,0.39180115,0.35524229
-9.9208327,0.51099698,0.12397341,0.17934062,0.50809922,0.49331389,0.41244611E-1,0.17959158,0.33516780,0.79498965E-1,0.90294018E-1,0.15094990,0.33212261,0.88300490,0.22160064,0.12789430
-6.5336695,0.34911156,0.12935906,0.38384791,0.51009419,0.34293978,0.10064753,0.55587838E-1,0.12684378,0.10378033E-1,0.82891853E-2,0.70435025E-1,0.30836600,0.86143451,0.45425036,0.43664313
-10.126299,0.71106329E-1,0.14956310,0.50488150,0.47621846,0.30375841,0.49714380E-1,0.47380459,0.87546863E-1,0.78735322E-1,0.62546171E-1,0.89913616E-1,0.35337352,0.83794137,0.41536464,0.14500581
-10.326758,0.49971634,0.96594015E-1,0.29002854,0.35859594,0.74103577,0.30958718E-1,0.15164430,0.27232935,0.96649054E-2,0.13130230,0.22059209,0.28147360,0.92099685,0.42429950,0.34136140
-11.106870,0.14774253,0.73809926E-1,0.29804645,0.50500384,0.25217627,0.63033574E-1,0.30672602,0.47155534,0.30006855E-1,0.91846865E-1,0.12351792,0.36444575,0.81987413,0.30878423,0.80244657
-11.719660,0.35344702,0.15362814,0.64245275,0.73083437,0.34023613E-1,0.16041920,0.53429369,0.36206933,0.20865320E-1,0.72814542E-2,0.20545886,0.37549635,0.88046426,0.55381870,0.27187547
-7.8160499,0.60041357,0.15326956,0.44958038,0.48587167,0.46332966,0.46400642E-1,0.11060997,0.53511254E-1,0.19006218E-1,0.46670094E-1,0.67747275E-1,0.32283098,0.84209694,0.34021204,0.71763609
-11.488220,0.25729009E-1,0.89492879E-1,0.44534787,0.51863273,0.50027102E-1,0.44208614E-1,0.35808012,0.47684139,0.16583222E-1,0.98389699E-1,0.20741411,0.34040527,0.91470099,0.53793659,0.58738712
-12.083467,0.56499543,0.13293976,0.39735798,0.54535358,0.56624053,0.20946618,0.32566475,0.30773791,0.51746783E-1,0.12389795,0.17448683,0.38573040,0.81926916,0.33388484,0.79158912
-12.638392,0.81926494,0.15164394,0.11559056,0.58129989,0.57835420,0.10986642,0.27753299,0.32039275,0.22412571E-1,0.81341675E-1,0.13424430,0.39191582,0.80852009,0.48917216,0.53644537
-6.3064502,0.44722053,0.17442222,0.32473593,0.62988324,0.16695578,0.11118153,0.28258791,0.27340124,0.29866152E-1,0.11668014E-1,0.41330435E-1,0.30417176,0.92570799,0.47074115,0.49316468
-9.5574589,0.68347466,0.15237681,0.22429375,0.44564677,0.76977852,0.51951868E-2,0.27536557,0.16180254,0.28035125E-1,0.75015503E-1,0.31437620E-1,0.29864740,0.90183798,0.30070961,0.47355786
-6.2230527,0.70147006,0.15173329,0.39911271,0.58516791,0.44352413,0.50814435E-1,0.19850900,0.81946288E-1,0.15608237E-1,0.68160826E-1,0.11935612,0.34338090,0.88641472,0.42818114,0.35054384
-5.6925960,0.46249707,0.19928727,0.46023985,0.72504292,0.18133384,0.10645929,0.32514105,0.13681482,0.12171034E-1,0.21969810E-2,0.39803521E-1,0.35999274,0.86651244,0.43331913,0.88165316
-6.1664396,0.26705155,0.89014489E-1,0.10322362,0.58099369,0.48151851E-1,0.11715758,0.28507678,0.45945313,0.15048394E-1,0.40919402E-1,0.44099664E-1,0.31723135,0.87290498,0.47972278,0.26782348
-13.981794,0.38426171,0.13247677,0.33572074,0.53824955,0.15347995,0.70017568E-1,0.32505361,0.42671358,0.10335595,0.14849958,0.13882724,0.32203612,0.84767072,0.61615195,0.74464175
-8.4234601,0.59614516,0.11926519,0.18742725,0.56698627,0.29070720,0.22193317,0.19096591,0.43674465,0.33805684E-1,0.32754678E-1,0.11285219,0.33316880,0.85584561,0.40193953,0.52819248
-9.4293589,0.79209767,0.14617379,0.67138961E-1,0.53114356,0.68507880,0.47358100E-1,0.31331487,0.33552635,0.45731853E-1,0.27510885E-1,0.78262533E-1,0.31258224,0.95296203,0.54256898,0.42347028
-10.373507,0.56685786,0.12608487,0.40643019,0.56457373,0.60593870,0.17286313E-1,0.41597965,0.34081489,0.78584733E-1,0.11987663,0.16484191,0.34698708,0.85554688,0.54091250,0.54147969
-8.8487516,0.41507565,0.14428686,0.27153979,0.55832468,0.28413701,0.42588876E-1,0.34603199,0.47187195,0.35793495E-1,0.96397955E-1,0.10933818E-1,0.35223258,0.89566019,0.27174101,0.12248881
-7.1220821,0.30496734,0.15710246,0.36926790,0.57130150,0.23345810,0.13980363,0.15883888,0.16082378,0.65193245E-1,0.38286270E-1,0.32841044E-1,0.34427041,0.90528643,0.37185274,0.62543334
-10.992711,0.71037736,0.17333125,0.14140310,0.50002878,0.36749659,0.20402519,0.14431657E-1,0.23918734,0.20672817E-1,0.12575599E-1,0.10563212,0.32201946,0.85869153,0.55032092,0.84761522E-1
-5.7746191,0.37943639,0.16909109,0.48863356,0.54876154,0.43936129,0.61080402E-1,0.28872353,0.57805857E-1,0.65266693E-1,0.65926287E-1,0.41548958E-1,0.34163247,0.83849122,0.44731761,0.20677520
-7.4273495,0.56330888,0.13217595,0.33249609,0.54238913,0.51164932,0.21503122,0.18968067,0.22372740,0.48757550E-1,0.12047798E-2,0.17649876,0.35572206,0.85832808,0.50727327,0.38633223
-7.1585677,0.74330864,0.12693121,0.15280354,0.59028671,0.43502362,0.13625706,0.64908475E-1,0.31948473,0.10361823E-1,0.27465992E-2,0.49579110E-1,0.30742116,0.88696683,0.49882096,0.74565637
-8.1504243,0.81681749,0.97951551E-1,0.11233475,0.63178078,0.44756381,0.95149539E-1,0.23439524,0.38510731,0.36254124E-1,0.31016129E-1,0.19077103,0.34743819,0.90751739,0.56690679,0.42844289
-7.9430332,0.39184579,0.14421695,0.67234236,0.58874061,0.32484992,0.19902452E-1,0.26041399,0.34516354E-1,0.36922828E-1,0.18692846E-1,0.19139580,0.33401347,0.89445905,0.50215670,0.18971376E-1
-9.0006072,0.45626885,0.17153472,0.34174730,0.69790972,0.11664519,0.14982861,0.24324077,0.25095045,0.48975307E-1,0.10220470,0.16012101,0.32035295,0.89244137,0.57862007,0.21608458
-11.306140,0.31027471E-1,0.10663214,0.51813472,0.60819015,0.12634671,0.61080437E-1,0.58976385,0.45375176,0.28356126E-1,0.10924821,0.23166142,0.33885500,0.90642672,0.54404639,0.54740862
-12.837559,0.66409621,0.21229972,0.35726780,0.44701744,0.89365530,0.92664762E-1,0.37525515,0.28840678E-1,0.74097653E-1,0.23705843E-1,0.11427313,0.32589533,0.95688390,0.36680471,0.71132305
-7.0837374,0.15458192,0.13664073,0.38432664,0.55482703,0.14923016,0.14981357E-1,0.35248350,0.17520306,0.61238290E-1,0.23727626E-1,0.91785399E-1,0.32193362,0.91017065,0.47918592,0.43063884
-11.995774,0.70044694,0.12919795,0.68218563E-1,0.66835590,0.33676373,0.22328081,0.12763498,0.27945819,0.41323010E-1,0.14378442,0.27655498E-1,0.36418607,0.90287847,0.44972904,0.41803010E-1
-5.4211221,0.60414478,0.18333338,0.41241701,0.66278313,0.13922775,0.11184467,0.23360196,0.12422217,0.16409765E-1,0.50245513E-2,0.94283472E-1,0.34586067,0.86507737,0.42569152,0.36758929
-6.0085557,0.47258523,0.14171957,0.32172296,0.65001117,0.84819887E-1,0.12774271,0.14533571,0.32815642,0.10418000E-1,0.34409580E-1,0.33737656E-1,0.32164358,0.90695366,0.53163627,0.94861928
-9.2071640,0.52022991,0.71592894E-1,0.11573414,0.52309754,0.59779529,0.79029489E-2,0.32450215,0.35244557,0.46208374E-1,0.32089377E-1,0.14372518,0.33375315,0.92491251,0.42306716,0.44473487
-5.1386164,0.63447941,0.11891647,0.76489725E-1,0.68255154,0.10926953,0.89858266E-2,0.26262649,0.38960173,0.51399954E-1,0.24876013E-1,0.83181459E-1,0.31967019,0.91563238,0.45493731,0.26189561
-11.553777,0.39862708,0.89980411E-1,0.56379451,0.53987520,0.59746931,0.15211276,0.14246449,0.13981174,0.31137206E-1,0.16966440E-1,0.15688563,0.35563437,0.89149538,0.44746603,0.39546518
-9.7298983,0.59366177,0.17264998,0.38080003,0.52611329,0.39096510,0.24575255,0.19755672,0.17745315,0.97202335E-1,0.82262179E-1,0.13719565,0.32817069,0.87285800,0.48619115,0.24316005
-12.542351,0.68217706,0.17172143,0.35636666,0.51548792,0.42662301,0.25624662,0.16140404,0.14931980,0.23884267E-1,0.20906166,0.70417261E-1,0.35637675,0.83801002,0.28845504,0.19782059E-1
-7.9382019,0.29456397,0.12683552,0.32159048,0.65921944,0.46378773E-1,0.10071475,0.46692589,0.54547592,0.36549160E-1,0.11046976,0.16238498,0.33369223,0.92543160,0.52315966,0.27102549
-10.538137,0.56550690,0.14381161,0.42963591,0.58789413,0.28712209,0.30736923,0.25055886,0.14270484,0.52816087E-1,0.77376940E-1,0.18317691,0.40164928,0.81977607,0.51152705,0.72522851
-15.242316,0.64166728,0.44017993E-1,0.10888362,0.46206280,0.54000060,0.13230614,0.33976136,0.37089232,0.91106631E-2,0.19895007,0.15969036,0.32405030,0.90859003,0.44096812,0.98964204E-1
-8.1419910,0.34053489,0.14715132,0.47316134,0.59684401,0.36935790,0.76124777E-2,0.41247690,0.22266247,0.13935947E-1,0.62680127E-1,0.19989595,0.32106068,0.89263456,0.59478152,0.82505614
-9.9112575,0.70616687,0.13640526,0.19057809,0.62787800,0.13260231,0.10542915,0.30617689,0.24884277,0.48519456E-1,0.13650954,0.76927532E-1,0.32203734,0.88396260,0.62961043,0.87831743
-7.7030327,0.64255664,0.14080514,0.21449129,0.58228006,0.29188637,0.13762389,0.37575304,0.31747401,0.40440365E-1,0.21468319E-1,0.89222226E-1,0.35771437,0.84525044,0.37253590,0.38885090
-7.5141644,0.34109823,0.98162410E-1,0.15100819,0.61352828,0.82300454E-1,0.22528738E-1,0.45684717,0.46833144,0.61037905E-1,0.16788916,0.72978930E-1,0.34964562,0.84261147,0.49877972,0.25551252
-10.134287,0.81073943,0.10839238,0.21483569,0.76796604,0.14123940,0.81878949E-1,0.41285762,0.45631234,0.50524436E-1,0.98858027E-1,0.10975174,0.34322227,0.90044767,0.55096919,0.92211220
-11.716476,0.56791244,0.11939303,0.48152216,0.50129107,0.47883116,0.20725352,0.13969949,0.28902325,0.31076584E-1,0.32934139E-1,0.12224146,0.31830289,0.84109679,0.57231093,0.51878001
-9.7478213,0.48299354,0.82833020E-1,0.17833440,0.54539994,0.36998732,0.14433258,0.21600515,0.49667159,0.36503462E-1,0.14008482,0.67129147E-1,0.35255251,0.91238313,0.38530173,0.18295249
-11.311547,0.88625175,0.12099255,0.42705383E-1,0.63166623,0.13680887,0.42520111E-1,0.39056895,0.57451303,0.99059299E-1,0.14948985,0.12667333,0.33169365,0.88999026,0.57917203,0.53566118
-8.7094665,0.93871862E-1,0.92491055E-1,0.18370380,0.46503909,0.17281610,0.13615347,0.32346224,0.45795871,0.10544257E-1,0.16334103,0.35843086E-1,0.31309817,0.93590477,0.38519650,0.16482159
-11.118993,0.61481953,0.18999752,0.37633133,0.63337008,0.48970558,0.25692201,0.35124345,0.12280741,0.66608112E-1,0.69529536E-1,0.16610682E-2,0.41463631,0.82315960,0.39084709,0.58937842
-10.688190,0.17795197E-1,0.19197913,0.53051985,0.64951952,0.65484944E-1,0.59148796E-1,0.52896191,0.27095875,0.17866746,0.75737059E-1,0.11218048,0.37367500,0.88262643,0.36628645,0.42488378
-11.133924,0.25504829,0.15850979,0.78250099,0.49466203,0.43820257,0.38951902,0.20843471,0.14787645E-1,0.53469388E-1,0.77011505E-1,0.38760703E-1,0.37822230,0.86942229,0.54394294,0.94508361
-9.3838982,0.35934018,0.13163944,0.26261677,0.69534895,0.36079995E-1,0.79877998E-1,0.27473741,0.38233150,0.37828019E-1,0.15786423,0.61602757E-1,0.33277997,0.91698950,0.31525745,0.24390520
-8.3679659,0.50720661,0.17324046,0.31874372,0.50067274,0.53470699,0.32991896E-1,0.25694489,0.23272439,0.57632974E-1,0.37296251E-1,0.97729525E-1,0.33345934,0.84306221,0.35352783,0.91387032
-7.4515750,0.47607536E-1,0.12775666,0.49769525,0.55699895,0.46851638E-1,0.12533563,0.23209523,0.21403019,0.47176728E-1,0.92453420E-1,0.11512857,0.35291794,0.84400169,0.40533989,0.23866309
-11.660143,0.61292589,0.17689176,0.54805418,0.66457922,0.57309866,0.34495170E-1,0.38785328,0.55228711E-1,0.44388108E-1,0.18803088E-1,0.31230912,0.34530038,0.91123511,0.44455864,0.52602607
-9.1548923,0.68679839,0.14464117,0.15931947E-1,0.49376866,0.63657964,0.40346419E-1,0.91777471E-1,0.16153180,0.46294345E-1,0.91221857E-1,0.71731834E-1,0.31675796,0.87150966,0.31125577,0.54699844
-11.558980,0.23648996,0.12469296,0.56752078,0.62296991,0.14243627,0.64217774E-2,0.35963110,0.29999465,0.52143593E-1,0.10414938,0.15410584,0.28176186,0.92906244,0.55811247,0.94248943
-9.1377491,0.19664991,0.14783745,0.58102580,0.49498217,0.23241328,0.20379679,0.28429773,0.27895142,0.47367043E-1,0.41646700E-1,0.20912854E-1,0.32145356,0.92732008,0.49156312,0.72885355
-8.4261833,0.84584664,0.17199348,0.30629254,0.68186690,0.40310100,0.47100778E-2,0.26674468,0.26623490,0.23858047E-1,0.72388447E-1,0.11532208,0.33869520,0.91501054,0.54062847,0.86329879
-16.085216,0.85248144,0.14836359,0.30037798,0.78866963,0.41587761E-2,0.49305730E-1,0.37615401,0.13458187,0.14174496,0.53435671E-1,0.16043319E-1,0.34729929,0.93744805,0.66067815,0.38720737
-11.452028,0.21582791,0.12223622,0.27910733,0.55986974,0.27370448,0.16788855,0.77586255E-1,0.26411628,0.47363871E-1,0.18154943E-1,0.46125125E-1,0.28331666,0.91366512,0.37921630,0.75683331E-1
-8.7155732,0.58681627,0.17294326,0.23935484,0.59294742,0.20680268,0.11421851,0.24068751,0.27716134,0.55623484E-2,0.35563865E-1,0.44887002E-1,0.29552662,0.93372521,0.35331561,0.13292182
-9.7030043,0.56318754,0.99568091E-1,0.11436238E-1,0.59620854,0.86151521E-1,0.36630067E-1,0.40109257,0.56765969,0.13284673,0.64506041E-1,0.14519880,0.34730132,0.90485994,0.32673691,0.39554166
-8.5889744,0.81215762,0.21498208,0.20261014,0.74326538,0.22300890,0.44879899E-1,0.27041529,0.28399538,0.29169908E-1,0.15005015,0.76030120E-1,0.33094511,0.89731413,0.43652027,0.78379511
-8.7462923,0.87792308,0.16785207,0.83646573E-1,0.63490918,0.26656328,0.10735995,0.19630000,0.20084624,0.93284182E-1,0.43813805E-1,0.17519943E-1,0.31411343,0.91162137,0.58638612,0.89463104
-11.236270,0.19737739,0.14935047,0.55615793,0.62832348,0.14618568,0.89558461E-1,0.46219958,0.39162696,0.11250726E-1,0.19442485,0.93597796E-2,0.35657214,0.92124383,0.51950096,0.74862010
-10.305221,0.22907540E-1,0.16642284,0.40302304,0.57835931,0.39789234E-1,0.12539402E-1,0.23807622,0.27448612,0.62455777E-1,0.88556637E-1,0.18026956,0.28765712,0.85913255,0.44444745,0.32889443
-9.0768618,0.84233598,0.13743272,0.30586314,0.46232618,0.68679925,0.18539032,0.57947433E-1,0.77975424E-1,0.41060620E-1,0.30365086E-1,0.21474391,0.33874155,0.85912241,0.47629173,0.86210902
-8.9401373,0.54498697,0.13059444,0.33344474,0.52941337,0.30130231,0.92103213E-1,0.25782988,0.22663972,0.47489521E-1,0.10421827,0.11560965E-1,0.33432568,0.83285883,0.31382442,0.58472381
-11.818123,0.62098919,0.15789000,0.39696890,0.73182310,0.87055026E-1,0.18486783,0.38045371,0.37983297,0.63659191E-1,0.67751261E-1,0.17642003,0.42293628,0.82908329,0.44315905,0.30921743
-8.7068711,0.62069291,0.14548025,0.24415086,0.55768453,0.17572676,0.19718526,0.11194299,0.27403737,0.22795957E-1,0.80229421E-1,0.14255444,0.36860036,0.84188732,0.45512424,0.38627423
-10.061755,0.50959344,0.19230734,0.46599265,0.61587588,0.28072464,0.27327484,0.27009188,0.28421819,0.26858819E-1,0.28551263E-1,0.15045406,0.36590755,0.91333113,0.41385033,0.83005947
-7.4180424,0.57247642,0.13939353,0.47367877,0.65799811,0.27650265,0.13892094E-2,0.34228467,0.27589963,0.55363023E-1,0.96684907E-1,0.95458540E-1,0.32962061,0.90416325,0.52433337,0.33683530
-12.866118,0.70346195,0.14867102,0.65550840E-1,0.48250281,0.32371084,0.10506018,0.14926704,0.39978571,0.57149306E-2,0.56842717E-1,0.13639828,0.29952437,0.95818590,0.23215871,0.41090582
-7.9332719,0.45868063,0.17662029,0.44309891,0.50326144,0.50212198,0.88365973E-1,0.36007482,0.15357249,0.10240232,0.25710201E-1,0.11129953,0.36781657,0.83635553,0.37206896,0.13933676
-10.715627,0.53325633,0.16345928,0.41888330,0.54562468,0.17383143,0.13519453,0.16527425,0.29888981,0.87288240E-1,0.62388406E-1,0.97445848E-1,0.32321192,0.94280907,0.39963818,0.18512847
-9.3196481,0.52779745,0.17884974,0.37955503,0.60813243,0.38286029,0.48218685E-1,0.51451186,0.33738364,0.13195306E-1,0.46181419E-1,0.67852074E-2,0.37553992,0.84084045,0.40974450,0.37086738
-5.1359196,0.38692654,0.15922955,0.41381228,0.61875844,0.18022395,0.10087236,0.22684378,0.27394367,0.26052642E-1,0.48897812E-1,0.11309670,0.32433015,0.89299920,0.47392560,0.45225152E-1
-5.8522743,0.15334548,0.17761081,0.52663518,0.63885530,0.79400772E-1,0.13903980,0.36364771,0.21778401,0.35454464E-1,0.10512264,0.55681838E-1,0.35920992,0.88412228,0.48961037,0.59034403
-7.8356193,0.73016533,0.13318980,0.12300867,0.58313801,0.37576338,0.89684644E-1,0.26157445,0.41911392,0.11113309E-1,0.57550173E-1,0.14329472,0.34440770,0.82393174,0.38607256,0.68140525
-7.4536923,0.79466016,0.13903410,0.11437856,0.53556975,0.45864808,0.53167004E-1,0.79646557E-1,0.28427429,0.22456670E-1,0.10245772,0.18180416,0.30742940,0.89758598,0.40587739,0.67038193
-6.5720870,0.52855794,0.16850035,0.54303518,0.59378773,0.21537535,0.58308791E-1,0.38203864,0.11024806,0.66393788E-2,0.56252329E-1,0.12579165,0.35319286,0.88073150,0.46256246,0.24140266
-8.7685119,0.45940890,0.96727382E-1,0.37480041,0.40151534,0.83494858,0.64807369E-1,0.14930543,0.21328632,0.21816524E-2,0.10499732,0.10157666,0.30708010,0.90676854,0.48001429,0.19569645E-1
-9.8794914,0.47710552,0.21231050,0.49851298,0.60678108,0.30883192,0.79430944E-1,0.29942513,0.10414171,0.87487349E-1,0.15644596,0.11633786,0.31840561,0.95692005,0.43965316,0.14554288
-7.6515471,0.78862661,0.21216145,0.33780638,0.60999453,0.47595481,0.74830515E-1,0.14992551,0.47742795E-1,0.18481018E-1,0.30919322E-1,0.95393787E-1,0.33873265,0.83266932,0.44673333,0.14840978
-9.9711226,0.40538548,0.11218484,0.41571443,0.45824022,0.52485432,0.18802970,0.38627630,0.19963332,0.15392633E-1,0.26169640E-1,0.65736150E-1,0.36324363,0.89373984,0.50261914,0.69978019
-7.9607818,0.30116362,0.15861410,0.49192074,0.49559550,0.50232942,0.78213200E-1,0.19970440,0.11011024,0.88434938E-1,0.14288995,0.10518202,0.33182503,0.88367493,0.33225569,0.16959082
-14.664337,0.79208047,0.21040727,0.24074002,0.64335922,0.20152059,0.23400563E-1,0.40264354,0.10973334,0.78822492E-1,0.21998149,0.94180954E-1,0.35222865,0.91744184,0.43689220,0.15922902
