SampleLogFunc,Substrate Roughness,Oxide thick,Oxide Hydration,Lipid APM,Head Hydration,Bilayer Hydration,Bilayer Roughness,Water Thickness,Backs par D2O,Backs par SMW,Backs par H2O,Scalefactor 1,SLD D2O,SLD SMW,SLD H2O
-15.209557,0.89903781,0.13833221,0.26386946,0.58162387,0.25471008,0.16967940,0.33390466,0.24692104,0.90924442E-1,0.57235811E-2,0.81750389E-1,0.33263237,0.85526310,0.67794560,0.20569867
-14.511754,0.75304849,0.18880351,0.39249606,0.78068315,0.12869843,0.26207890,0.30630994,0.27278293,0.10010613,0.61922062E-1,0.54308370E-1,0.37156803,0.84380373,0.69505220,0.43609057
-14.511754,0.75304849,0.18880351,0.39249606,0.78068315,0.12869843,0.26207890,0.30630994,0.27278293,0.10010613,0.61922062E-1,0.54308370E-1,0.37156803,0.84380373,0.69505220,0.43609057
-13.796312,0.70004525,0.20775918,0.39222927,0.71301606,0.21215672,0.25560922,0.19058070,0.27940070,0.43352450E-1,0.35804037E-1,0.10343789,0.33339956,0.91803224,0.70617991,0.27130222
-13.051035,0.61624804,0.15929387,0.38083568,0.48811547,0.42994419,0.17792924,0.32235237,0.24976263,0.11955016,0.28076392E-1,0.17803440,0.38373975,0.86804150,0.48593592,0.14777342
-10.030405,0.66306661,0.16915078,0.34494588,0.51098612,0.33914219,0.15249541,0.31979135,0.27359095,0.58091024E-1,0.78130181E-2,0.14897721,0.36544353,0.87385673,0.49444914,0.16502877
-9.3327868,0.62519169,0.18308619,0.39918859,0.55521072,0.21339294,0.14470199,0.31162788,0.25340534,0.45656348E-1,0.23407151E-1,0.10271605,0.35056417,0.91117751,0.53206770,0.16877725
-9.3005300,0.51722834,0.17311985,0.43847953,0.55368663,0.26577590,0.29047986,0.24679526,0.19884367,0.65969748E-1,0.58634946E-1,0.95998011E-1,0.35593273,0.90634440,0.59008282,0.16685484
-10.351641,0.53442599,0.17731097,0.37287188,0.56551555,0.43362118,0.20931290,0.39466469,0.15185544,0.10861003,0.29695765E-2,0.86661010E-1,0.36988057,0.90914012,0.53108375,0.16263454
-11.958970,0.65336243,0.15085633,0.31132056,0.53754323,0.50924652,0.24431969,0.15592150,0.29866844,0.82416879E-1,0.22734388E-1,0.25516203,0.36711146,0.85391127,0.47797307,0.17587495
-8.9072609,0.37067007,0.13417620,0.45741196,0.54391169,0.32023822,0.27836512,0.20075734,0.16878908,0.34725064E-1,0.65996921E-1,0.73754027E-1,0.35549875,0.92582434,0.56581548,0.10788507
-9.2565616,0.93369652,0.15109619,0.13199498,0.63904250,0.54426105,0.10896039,0.36773310,0.21569125,0.59820734E-1,0.49682035E-1,0.16183965,0.35947868,0.89152772,0.57070649,0.21298126
-14.417459,0.87222683,0.20500733,0.27680127,0.55881198,0.29922712,0.30065084,0.25540498,0.20056798,0.48073921E-1,0.12904335,0.17418997,0.34503921,0.89619813,0.58998431,0.15501529
-9.6392463,0.87286535,0.15212804,0.25204880,0.60085556,0.40295473,0.12262220,0.30298728,0.15360970,0.40819619E-1,0.42736444E-1,0.19341071,0.36625061,0.86144805,0.57813489,0.18726213
-11.086007,0.87192477,0.17370862,0.13669603,0.62825668,0.40556862,0.17392382,0.31682994,0.42159650,0.70143693E-2,0.17279379,0.62765154E-1,0.34029714,0.90259070,0.45541892,0.31361844
-10.351561,0.38459378,0.16200320,0.42784226,0.59004456,0.28193430,0.25475351,0.11612175,0.12588705,0.74106507E-2,0.18430108E-1,0.18032286,0.32865263,0.95181938,0.45767913,0.15282290E-1
-9.1130968,0.40222402,0.13299174,0.48107786,0.62574085,0.41006281,0.12674361,0.15481137,0.19230324,0.72963997E-2,0.10394093E-1,0.11747638,0.36250444,0.86005373,0.42497417,0.12834111
-10.608990,0.32468314,0.19366609,0.65972395,0.56195229,0.17210285,0.23224905,0.23929740,0.48399951E-1,0.86549260E-1,0.90356679E-1,0.19752954E-1,0.35019442,0.88827424,0.38677174,0.46977096E-1
-6.9976404,0.62853510,0.12761735,0.31494614,0.64462254,0.19397209,0.15813023,0.24604102,0.22846192,0.51017249E-2,0.11243628E-1,0.14170189E-1,0.33047467,0.89545049,0.54347144,0.33130371
-10.012507,0.59598664,0.21269480,0.44705992,0.65056635,0.42950023,0.20066819,0.13352255,0.72700233E-2,0.32821235E-1,0.32704562E-1,0.11897696,0.32035115,0.95312329,0.46229515,0.10501565
-8.8357788,0.48771818,0.87192760E-1,0.29305161,0.56554333,0.35492270,0.18679728,0.25202354,0.28856937,0.20582241E-1,0.53231857E-1,0.43391132E-1,0.35512166,0.91466317,0.42123220,0.16328983
-12.167634,0.92608621,0.13541317,0.12003461,0.70373959,0.26449646,0.11311278,0.35154395,0.51185577,0.68079348E-1,0.12062617,0.52620900E-1,0.33176511,0.88619389,0.61784151,0.37021089
-8.3833205,0.74505979,0.15935957,0.21801651,0.65325062,0.30584448,0.28414783E-1,0.42529970,0.35017079,0.13615248,0.60930650E-1,0.74382241E-1,0.34684581,0.86558731,0.50721214,0.53197878
-8.7801825,0.62389149,0.16259776,0.36866223,0.57522189,0.35884796,0.29433251,0.24525071,0.18338938,0.51058329E-1,0.12111088,0.64611338E-1,0.36534785,0.86264412,0.47011484,0.24250689
-7.7672299,0.48625096,0.16659093,0.40879018,0.61824910,0.40092654,0.16118289,0.34966864,0.13083417,0.69628334E-1,0.55383402E-1,0.53458122E-1,0.36577403,0.84479150,0.43372974,0.14971589
-5.6939062,0.69546987,0.19008148,0.37472341,0.61112088,0.41886630,0.36068163E-1,0.29473377,0.28912888E-1,0.42345038E-1,0.25542079E-1,0.17066765E-1,0.33727634,0.86040983,0.52075313,0.56248351
-9.0953739,0.51852728,0.23408173,0.38086296,0.62588928,0.51677967,0.16079056E-1,0.39345141,0.45801624E-1,0.76396468E-1,0.95219984E-2,0.17492511,0.35565477,0.86440872,0.37918720,0.17466873
-9.4409544,0.96380544,0.16602935,0.12545362,0.71628421,0.38781245,0.15355368,0.32529970,0.25868418,0.14669496E-1,0.47793180E-1,0.20414860,0.36022631,0.88427674,0.63514552,0.38388577
-7.8002953,0.60159567,0.12299349,0.28573314,0.47777421,0.44154858,0.33375385E-1,0.23430451,0.31671161,0.10931516E-1,0.61438110E-1,0.23065810E-1,0.32088262,0.87669606,0.33176156,0.54650319
-12.003485,0.63592730,0.17673753,0.47480808,0.65937346,0.13380723,0.88736771E-1,0.28951805,0.25604035,0.73102229E-1,0.11932323,0.19193616E-1,0.39226632,0.83426194,0.31691310,0.76723990
-11.196215,0.42692402,0.10308045,0.13625623,0.53906251,0.19371821,0.19658125,0.32772033,0.57050839,0.75255098E-1,0.15030711E-1,0.36040072E-1,0.37194939,0.88198662,0.26468860,0.43377841
-13.537910,0.43329874,0.16248770,0.44954832,0.47867473,0.23483378,0.32502265,0.91507867E-1,0.24287187E-1,0.53079385E-1,0.50392515E-1,0.26355290E-1,0.32896473,0.88002828,0.57320096,0.76894782
-9.8987967,0.82390815,0.12103166,0.42693092E-1,0.71835998,0.10127922,0.96571897E-1,0.39610530,0.42391938,0.42565719E-1,0.18016570,0.10216719,0.34148716,0.90789993,0.47178131,0.40492222
-10.513938,0.85887254,0.16680260,0.96920590E-1,0.57254939,0.55282596,0.12980570,0.36966028,0.29173661,0.33746307E-1,0.97102692E-1,0.17133281,0.35356011,0.85993589,0.54501685,0.58155678
-6.8678108,0.64156922,0.12480923,0.17645205,0.59664974,0.78151779E-1,0.21684517E-1,0.39764831,0.45212685,0.11610619E-1,0.85219666E-1,0.80188502E-1,0.32961015,0.91706799,0.44479426,0.26233707
-7.7673694,0.26997824,0.13849900,0.55479739,0.59653821,0.29222040,0.52285527E-1,0.40403494,0.23744787,0.69784847E-1,0.88700470E-1,0.15736925,0.32084507,0.90300209,0.54610313,0.62369272
-13.080906,0.46465443,0.18775614,0.14308224,0.58357515,0.92458397E-1,0.15410273E-1,0.44588963E-1,0.34203801,0.32908259E-1,0.23453727,0.10188838,0.28719345,0.91579180,0.23676365,0.41692054
-11.927502,0.46615942,0.19185177,0.55566513,0.61999752,0.54015084,0.40761364E-1,0.31514005,0.90489608E-1,0.47681468E-1,0.64637273E-1,0.24919698,0.34433238,0.90674902,0.27944605,0.28482487
-8.7585790,0.34163175,0.95774510E-1,0.53339317,0.54299180,0.44048762,0.39016875E-1,0.34593442,0.23722209,0.48369623E-1,0.75199185E-1,0.10416990,0.36846069,0.82494914,0.45660066,0.23171362
-8.4998424,0.94016361E-1,0.11050535,0.61542835,0.52082618,0.35726969,0.71686765E-1,0.37721091,0.26659317,0.40568991E-1,0.62858132E-1,0.11443404,0.36595768,0.83674124,0.35230588,0.54511027
-6.3272311,0.18528755,0.97540935E-1,0.26124230,0.53546819,0.13727805,0.41092955E-1,0.24295804,0.32608241,0.25971819E-1,0.12773537,0.24760821E-1,0.32190094,0.89129690,0.43650340,0.44313171E-1
-8.6662580,0.72625712,0.20225274,0.24381073,0.59538059,0.48508940,0.18093496,0.19531976,0.25023564,0.21475861E-1,0.29125590E-1,0.21287406E-1,0.33820334,0.91194921,0.37789350,0.13518118
-10.737497,0.80637610,0.18643943,0.13054779,0.78819941,0.19387408,0.87735055E-1,0.34595234,0.27257131,0.10001691,0.42229099E-1,0.15121192,0.36098376,0.90861824,0.53540469,0.34413052
-9.8050420,0.69277391,0.12270282,0.93387997E-1,0.46955508,0.78067170,0.10909526,0.13691515,0.10115139,0.18820610E-1,0.68384225E-1,0.84160662E-1,0.30581757,0.86505106,0.54069671,0.55431726
-11.589892,0.68111314,0.60366143E-1,0.12635662,0.47581379,0.64395231,0.23681043,0.10428081,0.34967983,0.71303883E-2,0.11383812,0.74913016E-1,0.39554824,0.83327146,0.31692791,0.44214776
-9.8831839,0.13290757,0.14913937,0.67942977,0.64421080,0.22028567,0.12637438,0.28431181,0.10114040,0.59444474E-1,0.54413882E-1,0.33004983E-2,0.36811552,0.83515997,0.54640971,0.32381820
-13.013471,0.56577012,0.17303341,0.22721894,0.74093854,0.27921452,0.10021355E-2,0.39359719,0.25419178,0.15421340,0.12721760,0.99565604E-1,0.36144099,0.84620301,0.48626089,0.51581999
-9.9506845,0.25694888,0.17206086,0.45469509,0.39975021,0.77149195,0.12124875,0.21840786,0.18426981,0.74853370E-1,0.38228161E-1,0.49328748E-1,0.30676616,0.93431316,0.47655018,0.27889135
-15.765983,0.38152700,0.46985925E-1,0.21475634,0.55882342,0.75501406E-1,0.12165985E-1,0.27405182,0.70432322,0.43921421E-1,0.11012463,0.11086275,0.29992622,0.95045597,0.56087222,0.27163156
-10.216168,0.67032919,0.17813655,0.16050115,0.44348445,0.77852646,0.40843389E-1,0.18099074,0.21252908,0.41760762E-1,0.83683324E-1,0.18058743,0.29532784,0.89589972,0.42219065,0.50806285
-8.4724219,0.28499509,0.19572207,0.47476855,0.64494620,0.75551751E-1,0.73960625E-1,0.36633049,0.18156462,0.39648375E-1,0.10093205,0.14429259,0.36998137,0.82113851,0.30272415,0.23315402
-11.285625,0.55642028,0.82163783E-1,0.30704518,0.55558309,0.21334085,0.37095559,0.18491169,0.43619495,0.58554291E-1,0.98871307E-1,0.80118509E-1,0.40894323,0.82982224,0.42185436,0.40402658
-12.116579,0.54778531,0.59458059E-1,0.35976208,0.60235064,0.17143002,0.97752215E-1,0.22691929,0.29472392,0.95018257E-1,0.18126565E-2,0.52296847E-1,0.36044267,0.85494942,0.42790799,0.34885386
-12.332979,0.63977803,0.16160947,0.32171108,0.53273922,0.53693249,0.13176068,0.16203724,0.34594903,0.10937697,0.30559293E-1,0.10096625,0.31579507,0.85809504,0.46263600,0.28247442
-8.7172588,0.71986915,0.17928897,0.32948412,0.66641836,0.27689600,0.48484737E-1,0.25845944,0.28555243,0.10148302,0.63251006E-1,0.13762934,0.31479634,0.88995956,0.52036613,0.88797517
-5.0539370,0.45281957,0.19716094,0.52502275,0.67045447,0.14670914,0.40560106E-2,0.39959867,0.71780257E-1,0.32408521E-1,0.83623586E-1,0.41952347E-1,0.34908047,0.89078851,0.47447006,0.69918921
-6.7969521,0.60194913,0.14384278,0.21671305,0.53553620,0.37038607,0.20469486,0.17870478,0.22623334,0.37313530E-1,0.19702534E-1,0.61718029E-1,0.33402007,0.90822605,0.55622313,0.22388615
-9.9755318,0.36542780,0.17897804,0.42651014,0.62440500,0.13639095,0.12998799,0.33939164,0.24619135,0.10375578E-1,0.20338940,0.72395241E-2,0.37816918,0.89590879,0.40694681,0.68907244
-11.247323,0.52454563,0.12723324,0.29068971,0.68884991,0.18129814,0.11243142,0.57356265,0.43267188,0.32209132E-1,0.62593177E-1,0.16668267,0.37908763,0.91309088,0.46130542,0.74487213
-12.565827,0.55006593,0.16970891,0.26175572,0.56679408,0.34847646,0.10896017,0.44976388,0.51886619,0.67732799E-1,0.13250793E-1,0.95747531E-1,0.36358892,0.92056409,0.46546479,0.35742015E-1
-7.2624963,0.66668573,0.16919221,0.24259236,0.53411093,0.32110287,0.17648085E-1,0.30072396,0.19261473,0.42297645E-1,0.34348577E-1,0.81057080E-1,0.34529699,0.84755090,0.37730575,0.48677923
-10.849394,0.38533306,0.17808725,0.53790951,0.76538031,0.46936257E-2,0.79419881E-2,0.50253535,0.33497575,0.12232331E-2,0.15901241E-1,0.11574890,0.36815732,0.82998457,0.34443779,0.52244225E-1
-7.5946267,0.26688618,0.18758546,0.45659863,0.53237744,0.47545414,0.36471528E-1,0.28272641,0.16892172,0.79905892E-1,0.12042033,0.11588699,0.29147854,0.93433690,0.43697656,0.41311558
-13.806551,0.73846092,0.21783749,0.49661852,0.57647651,0.30049742,0.15005386,0.18743109,0.10697692,0.64749816E-1,0.18842665,0.10171340,0.34736876,0.83168329,0.50557271,0.99736487
-8.6271132,0.41931230,0.13918190,0.25153582,0.67412148,0.47805735E-1,0.85439311E-1,0.40280717,0.41405747,0.19501074E-1,0.35355840E-1,0.13491893,0.40067895,0.87159779,0.43340133,0.75136321
-12.347705,0.53384973,0.21741207,0.29648605,0.59082746,0.48669594,0.76522758E-1,0.14437765,0.90334061E-1,0.15202268,0.76932207E-1,0.13574215,0.31124404,0.92716766,0.42992637,0.35091018
-9.6423652,0.17797880,0.12307056,0.46953027,0.39411146,0.37812576,0.41686551E-1,0.19827493,0.15798242,0.62016264E-1,0.66868375E-1,0.13715906,0.29680498,0.92014702,0.42559698,0.27091043
-9.7567449,0.51014309,0.18055924,0.45877525,0.58155369,0.40668328,0.18737298E-3,0.30435923,0.10837989,0.60453117E-1,0.18928674,0.21489917,0.33824181,0.89639483,0.47636647,0.50952786E-1
-9.9784602,0.62419310,0.15730495,0.11333566,0.59069807,0.28799388,0.63690783E-1,0.18272277,0.46437241,0.19283180E-1,0.54571329E-1,0.19239694,0.28285780,0.92613242,0.32383391,0.20367102
-7.1221720,0.22941840,0.13962741,0.53739900,0.51457886,0.37024069,0.16315022,0.18632768,0.17941350,0.45703412E-1,0.68405154E-1,0.67899530E-2,0.36648537,0.84813384,0.35719950,0.43388883
-8.2541237,0.74592001,0.10409302,0.12544315,0.67934870,0.71482797E-1,0.18204820E-1,0.33734022,0.45894415,0.16822344E-2,0.26287054E-1,0.73426203E-1,0.35285846,0.85729187,0.33076963,0.54705517
-7.7026593,0.57123458,0.20406648,0.28453490,0.65747455,0.89908760E-1,0.67925258E-1,0.29065008,0.28542672,0.68220458E-1,0.26841692E-1,0.15242782,0.29726468,0.93806535,0.48379113,0.48083388
-9.5597430,0.71324986,0.96124750E-1,0.62358256E-1,0.51134426,0.45456817,0.16973140,0.98313190E-1,0.35342626,0.90110221E-1,0.11196311,0.15534448,0.30936697,0.91946667,0.45399295,0.74479281E-1
-10.605916,0.70249201,0.17542211,0.10628017,0.63733732,0.38399142,0.14489270,0.14708721,0.30860931,0.38581331E-2,0.17111641,0.57966024E-1,0.30107599,0.93549483,0.57626163,0.34396150
-12.358111,0.58257647,0.86816594E-1,0.61125448,0.61942413,0.45836989,0.22764477E-1,0.21063717,0.76948408E-1,0.35930015E-1,0.52917922E-1,0.13124115,0.31792041,0.91920070,0.51452270,0.84380678
-16.137756,0.18722065,0.97905088E-1,0.84207563,0.51160834,0.47369036,0.17387522,0.23694241,0.90531311E-1,0.61091036E-1,0.11035270E-2,0.12742169,0.36674691,0.81940469,0.62505361,0.58903603
-9.3143790,0.37115167,0.67080471E-1,0.33173567,0.53087300,0.34435293,0.54989182E-1,0.46447285,0.44513446,0.36112278E-1,0.35879590E-1,0.17599628,0.36731143,0.85935772,0.47349069,0.56517433
-10.011400,0.90703060,0.15403028,0.70295740E-1,0.75466896,0.19129789,0.10420137,0.11788857,0.42469812,0.18157883E-1,0.12225423E-1,0.15710313,0.30521143,0.94077469,0.60263482,0.54469921
-11.713082,0.10191512,0.94484401E-1,0.55183896,0.39708357,0.57484104,0.21378018,0.24216901,0.30630902,0.43774314E-1,0.94174024E-1,0.16694707,0.34468790,0.91483811,0.49869923,0.15231568
-8.7121711,0.68913299,0.14189599,0.13121720,0.71393860,0.19758477,0.59344449E-1,0.36340175,0.31278917,0.28265821E-1,0.77038183E-1,0.41092642E-1,0.34989129,0.93670273,0.42519477,0.31827732
-9.2250901,0.69815615,0.11492568,0.59249858,0.65599488,0.40343578,0.68682866E-1,0.24567806,0.11984639,0.20647920E-1,0.54933075E-1,0.86464058E-1,0.36190035,0.84037974,0.48242227,0.91333988
-9.6183195,0.43900828,0.14065511,0.33827067,0.52067777,0.67327687,0.11081401,0.36119885,0.27988903,0.40420488E-1,0.76083028E-1,0.80405562E-1,0.31763111,0.89793919,0.42534470,0.49233186
-9.3989319,0.45268041,0.19299480,0.26739293,0.63609094,0.70769190E-1,0.53599171E-1,0.34085670,0.42366993,0.11588872,0.38515826E-2,0.22386727E-1,0.35345740,0.85204706,0.37001972,0.40775163
-13.502351,0.78217688,0.22409916,0.19747925,0.68055954,0.97607073E-1,0.16732041,0.27407671,0.31586736,0.24425770E-1,0.93008239E-2,0.22917743,0.32343219,0.87131224,0.34410526,0.41844503
-14.754883,0.33920171,0.12190229,0.21580534,0.56536562,0.69726300E-1,0.13641664,0.51299332,0.59870151,0.76407740E-1,0.10060104,0.15346779,0.36580163,0.82013920,0.61528081,0.51088934
-11.176817,0.65214081,0.18739118,0.20164482,0.65085605,0.19410030,0.13450862,0.26100786,0.36811289,0.36405882E-1,0.16067726,0.18184753,0.33674149,0.91389842,0.23853574,0.50793104
-12.072855,0.31379315,0.19443182,0.49669281,0.42617289,0.93321428,0.11405760,0.38721323,0.15623414,0.52348646E-1,0.38125271E-1,0.95268956E-1,0.32977675,0.91968934,0.31981498,0.62939182E-1
-6.6275557,0.78482914,0.13697161,0.37109084E-1,0.58415436,0.25012145,0.13490732,0.25150269,0.41964680,0.67113912E-2,0.40889040E-1,0.90891562E-1,0.36642497,0.85745811,0.37802350,0.59615557
-8.4326774,0.29486833,0.11685591,0.68547768E-1,0.59137247,0.83919808E-1,0.31606242E-1,0.47845188,0.54485692,0.82883975E-1,0.10225010,0.10827047,0.33055470,0.90720852,0.35203184,0.62364119
-10.708583,0.30697841,0.13047150,0.39772207,0.60878551,0.28756424,0.15601435,0.35074177,0.13827798,0.57491005E-1,0.69392311E-1,0.13252833,0.37144617,0.87629113,0.41767027,0.78904943E-1
-12.122461,0.51806851,0.11700653,0.17545352,0.57492529,0.15878965,0.38193158E-1,0.11681724,0.55300625,0.44293478E-1,0.39758557E-1,0.80904466E-1,0.27011493,0.96288889,0.43984876,0.60158877
-5.8296562,0.30913703,0.13804664,0.35964459,0.48980784,0.45068918,0.98149267E-1,0.24993351,0.25307423,0.54630254E-1,0.10690295E-1,0.12343236,0.31395774,0.89632477,0.40874413,0.29344408
-5.4868921,0.26455060,0.14322702,0.52823264,0.56554978,0.17890964,0.64225335E-1,0.30414443,0.22529603,0.66257009E-2,0.27307522E-1,0.17450858,0.33781457,0.89368988,0.50424361,0.44066435
-7.6001307,0.47352813,0.13018094,0.42304841,0.60074844,0.28786363,0.30278847,0.20968154,0.31233531,0.16467839E-1,0.28586526E-1,0.10682831,0.36833959,0.87842326,0.54666766,0.29128265
-6.9296749,0.76979752E-1,0.16967571,0.65013735,0.60737909,0.16128033,0.24690783E-1,0.30982891,0.10233662,0.31663479E-1,0.12851787,0.10276998,0.33087986,0.90146884,0.41471777,0.71782910
-10.620081,0.87040384,0.16807132,0.20724612,0.54044649,0.54207425,0.35661158E-1,0.24796819,0.22081603,0.11824078,0.19334936E-1,0.22269597,0.32422859,0.91016605,0.39141765,0.74003243
-7.6846046,0.35315518,0.18958863,0.48999423,0.65611237,0.23427800,0.34362435E-2,0.32829892,0.10521165,0.10535968,0.59828185E-2,0.18411802,0.34162035,0.84674744,0.44670909,0.66195366
-7.5217790,0.54076114,0.11027317,0.28570284,0.41967601,0.81781394,0.13648319,0.84431228E-1,0.18257895,0.30171863E-1,0.23795173E-1,0.10708315,0.32881364,0.88586292,0.44834508,0.28808294
-7.6006720,0.57137069,0.20349940,0.31044855,0.68812518,0.63479531E-1,0.33675608E-1,0.42145881,0.30286164,0.40507030E-1,0.10104090,0.21463384E-1,0.38093716,0.85217463,0.37540713,0.87191147
-8.3414964,0.47817277,0.13255805,0.19817327,0.53391270,0.44199144,0.11132037,0.94667464E-1,0.29711278,0.38663019E-1,0.15272825,0.38671311E-1,0.34149074,0.86840630,0.33926088,0.46717608
-7.6103696,0.10512941,0.18938936,0.65061649,0.48677252,0.47319522,0.82927596E-1,0.36410881,0.30303625E-1,0.39877471E-1,0.56305716E-1,0.18120036,0.34120179,0.91673962,0.49145347,0.40781493
-11.099419,0.53756683,0.18677923,0.42176261,0.50133906,0.42554399,0.43289012E-1,0.20274786,0.37728597E-1,0.16069684,0.41676234E-1,0.13117816,0.28580672,0.91575954,0.45409463,0.50373943
-9.2552103,0.38066323,0.54404694E-1,0.16691709,0.60540013,0.17503297,0.15526693,0.26936518,0.40999921,0.21787071E-1,0.13156768E-1,0.15780277,0.33760732,0.88270518,0.53620604,0.38223820
-10.190743,0.33486843,0.89298544E-1,0.18513246,0.50908160,0.18777443,0.16624325,0.28739769,0.41773288,0.69019449E-1,0.30432265E-1,0.71058941E-1,0.32319879,0.90314377,0.33367211,0.72478264
-5.5690851,0.73457731E-1,0.16131309,0.50124429,0.57920452,0.40882995,0.21111828E-3,0.45034382,0.14596177,0.24516691E-1,0.40855427E-1,0.88011634E-1,0.32979440,0.90736392,0.47538049,0.45665185
-8.3053399,0.60463643,0.15193046,0.44599554,0.63305710,0.31523013,0.20016193,0.15392200,0.33594510E-1,0.98956259E-3,0.78687605E-2,0.12501393,0.37389270,0.81266538,0.48090904,0.94938061
-12.035401,0.57135020,0.12524460,0.46227076,0.63375300,0.28817494,0.25654192,0.26075447,0.27668626,0.88853770E-1,0.35885187E-1,0.18583283,0.36280746,0.88117781,0.41968420,0.25032031
-6.1701232,0.56849123,0.15523353,0.16146593,0.58881592,0.17103297,0.38352121E-1,0.31510844,0.41250392,0.37851145E-1,0.90702669E-2,0.11534831,0.32361442,0.93764963,0.47380165,0.27713000
-6.4173825,0.61924765,0.12850819,0.19066545,0.63447936,0.15636091,0.60781106E-1,0.12532514,0.19108898,0.17022047E-2,0.23233801E-1,0.60117425E-1,0.35405949,0.83410978,0.40615948,0.62473725
-9.0999789,0.47517458,0.13025823,0.26612544,0.49399554,0.44391215,0.13570756,0.25255294,0.36543110,0.25622455E-1,0.10714075,0.83632673E-1,0.32104660,0.87676208,0.28495565,0.61864655
-6.9792376,0.31966805,0.17785675,0.59863010,0.55550064,0.46111885,0.65127253E-1,0.25627015,0.54682927E-1,0.87627845E-1,0.27619823E-1,0.61057869E-1,0.32097899,0.92074872,0.52921338,0.30719067
-6.9235213,0.52438889,0.88022621E-1,0.96746157E-1,0.61602530,0.12110314,0.26072430,0.24576821,0.50738402,0.86001497E-2,0.58267174E-1,0.10048564,0.35394281,0.91428982,0.55570350,0.26228893
-10.614930,0.27089979,0.16616211,0.52358235,0.62847577,0.16545781,0.30251653E-1,0.27593849,0.28056768,0.28060536E-1,0.15979964,0.99500472E-1,0.31195743,0.96044165,0.39741846,0.71795398
-7.6758340,0.72352637,0.15404123,0.20835267,0.60417108,0.32890287,0.22429973E-1,0.21366852,0.14730876,0.54774717E-1,0.33587046E-1,0.11821868,0.31053600,0.84540856,0.53549190,0.86628875
-7.2137577,0.35411732,0.14229191,0.51999834,0.56410542,0.41571594,0.40050068E-1,0.40722582,0.21181468,0.87122774E-1,0.74420740E-1,0.89611413E-1,0.34518677,0.84736018,0.45305940,0.81740226
-13.976123,0.70760430,0.20065630,0.38207753,0.45747483,0.42346697,0.26598040,0.16563593,0.15080176,0.22497504E-1,0.54824536E-1,0.15358267,0.32055278,0.86929287,0.51918668,0.74482148
-7.3569438,0.45625056,0.15202237,0.28823125,0.55302122,0.99081149E-1,0.88258334E-1,0.21002336,0.41481573,0.63660993E-1,0.89468855E-1,0.35512478E-1,0.31521583,0.90624084,0.44975669,0.49257667E-1
-10.149201,0.37052982,0.48657571E-1,0.25528479,0.55688576,0.24730472,0.21990119,0.15744720,0.37231245,0.36408047E-1,0.57657889E-1,0.45036612E-1,0.35625736,0.88418217,0.55676895,0.46376614
-7.8396227,0.76331658,0.14456346,0.25686615,0.66939572,0.15263337,0.77968206E-1,0.34603921,0.28423938,0.71402652E-1,0.51483495E-1,0.21160661,0.37257284,0.83002268,0.48232555,0.75192310
-11.431110,0.63565123,0.89965850E-1,0.13726429,0.57178541,0.20312953,0.13061830,0.20191210,0.52540092,0.76079155E-1,0.16407587,0.13928437E-1,0.31496062,0.93024301,0.41757231,0.42270866
-9.1523829,0.16699093,0.17624206,0.48369741,0.67317770,0.10300220,0.22598187E-2,0.33272799,0.17706478,0.33810570E-1,0.13863265,0.74054091E-1,0.30094631,0.86567305,0.44864981,0.92702557E-1
-14.307443,0.28846095,0.87900508E-1,0.33585736,0.46454824,0.64274629,0.12759200,0.38897486,0.16873660,0.29264377E-1,0.13482865,0.53263598E-1,0.35341553,0.89947753,0.50271511,0.79522095
-10.342199,0.86238656,0.16576724,0.36252104,0.46975920,0.74418643,0.19979839,0.18316767,0.98043526E-1,0.11394574E-2,0.18217815,0.21053858,0.34653141,0.87776655,0.45450775,0.72249888
-8.8590648,0.40790283,0.18952881,0.27502235,0.64629440,0.12053612,0.65976236E-1,0.27531502,0.30843615,0.81120503E-1,0.68749613E-1,0.17496689,0.30642883,0.88374544,0.34138203,0.38624707E-1
-7.4300445,0.42995545,0.75218231E-1,0.44656081E-1,0.62945342,0.10978596,0.38153808E-1,0.26563299,0.44207120,0.66576285E-2,0.28632647E-1,0.14137272,0.35761586,0.89504741,0.45343902,0.18683769
-7.5782219,0.65673915,0.12593269,0.65820101E-1,0.56737278,0.29557889,0.17919004,0.12085220,0.27190393,0.23047512E-1,0.86913256E-1,0.97628858E-1,0.32172693,0.90548314,0.38775599,0.21759649
-9.5029414,0.74361245,0.20297815,0.27607733,0.59740017,0.47065850,0.29016384E-1,0.38371018,0.13248955,0.47594691E-1,0.22648874E-1,0.13850566,0.33460007,0.87124062,0.61093430,0.72002621
-7.3872759,0.53269849,0.21276258,0.41189968,0.70833671,0.32065854,0.81080285E-2,0.37239378,0.12610317,0.12913134E-1,0.14469791,0.21941273E-1,0.32736894,0.89870732,0.47734348,0.44521625
-8.2216519,0.51645617,0.11296605,0.12619652,0.58898694,0.25022551,0.85888731E-2,0.33740156,0.45775688,0.35608136E-1,0.11403008,0.24733547,0.32867972,0.90192471,0.37790904,0.83047421
-7.5414213,0.67779921,0.23682402,0.32490357,0.75483078,0.90354247E-1,0.35893671E-1,0.34348616,0.13722698,0.22391437E-1,0.55220366E-1,0.91068118E-1,0.35216829,0.87412552,0.52483136,0.25365113
-10.192200,0.12123199,0.18989902,0.52042606,0.49409866,0.46259268,0.58051139E-1,0.15784401,0.12837859,0.35108180E-1,0.10079180,0.74553572E-1,0.29569484,0.87837726,0.47355093,0.98319488
-9.8594400,0.48093867,0.17197917,0.45023632,0.51906302,0.44771332,0.14590808,0.26706163,0.43648335E-1,0.25584433E-1,0.96047020E-1,0.29243560E-1,0.39375695,0.86653628,0.33228963,0.94272126
-9.1839340,0.20510319,0.10327400,0.17862231,0.56792074,0.15915764,0.49370109E-1,0.38676396,0.40754804,0.11267182,0.63850864E-1,0.53329334E-1,0.30761392,0.87525887,0.52692234,0.18256853E-1
-10.854692,0.13012674,0.17946493,0.75292640,0.64114230,0.32327316,0.10662189,0.43175954,0.39140985E-1,0.89141326E-1,0.49918728E-3,0.73603617E-1,0.35266987,0.82901017,0.49320627,0.35171970
-11.387993,0.44576272,0.17262502,0.54084376,0.42049607,0.71458705,0.11977869,0.32477298,0.13538337,0.10206722,0.10787390,0.20746126,0.32188188,0.88537264,0.41917278,0.84978989
-7.8762150,0.43789328,0.18880231,0.30944612,0.62930788,0.15658080,0.92634537E-1,0.14475018,0.29113460,0.31142142E-1,0.14395942,0.71629335E-1,0.31047842,0.93939148,0.36518699,0.24042158
-12.306963,0.83330880,0.10996359,0.37342284,0.51290107,0.42747787,0.24887342,0.13072366,0.18323886,0.49346741E-1,0.17954554E-1,0.12391434,0.33738647,0.83030558,0.50003538,0.66707379
-13.745642,0.43693279,0.19055418,0.60322946,0.60741671,0.71130034,0.19741439,0.33483848,0.90146260E-1,0.90225216E-1,0.56392202E-1,0.15185856,0.37721055,0.85949520,0.44748487,0.83961922
-11.991331,0.22615128,0.17825028,0.51359212,0.67499716,0.12631632,0.18177660,0.37354531,0.23884269,0.16455921E-1,0.87742931E-1,0.20243430,0.36516472,0.83609192,0.31105349,0.60269604
-13.071170,0.88666779,0.21014246,0.28103967,0.82118350,0.34456358,0.95649336E-2,0.33318851,0.18226426,0.41711443E-1,0.41264254E-1,0.17568127,0.32150236,0.97358494,0.60135321,0.77487260
-8.3023189,0.68338959,0.19509211,0.35795777,0.56335383,0.51214667,0.91683317E-1,0.23897046,0.12307653,0.94088471E-1,0.39921259E-1,0.77986525E-1,0.32623934,0.85879585,0.35753531,0.61889059
-10.341851,0.19405708E-1,0.16287065,0.32727980,0.63365349,0.19945106,0.51518611E-1,0.37172594,0.47815277,0.81201063E-1,0.42322205E-1,0.12878306,0.32866094,0.91326754,0.39279292,0.47300266
-7.8032067,0.27294672,0.18013150,0.50111448,0.63666866,0.12426478,0.17541675,0.35396651,0.15783040,0.22238839E-1,0.45115725E-1,0.81091311E-1,0.35945547,0.92935344,0.56305945,0.63825578
-12.412930,0.68509366,0.17358205,0.10591518,0.54828651,0.47154699,0.19724306,0.29866783,0.12695202,0.49245656E-1,0.36716825E-1,0.83073798E-1,0.33359228,0.90790646,0.46799856,0.61150372
-9.1817686,0.51838530,0.13711860,0.11548119,0.54368946,0.40794806,0.19730444,0.12916662E-1,0.30288921,0.46861330E-1,0.11182988,0.59699035E-1,0.32609945,0.88540296,0.48364367,0.46970814
-7.1953179,0.35014918,0.14218757,0.36733908,0.67211044,0.22664991,0.14278863,0.27847727,0.29014024,0.77412992E-2,0.54609665E-1,0.11800344,0.33879742,0.90146521,0.54695159,0.39922026
-9.7928694,0.41309041,0.17756412,0.36227855,0.57815526,0.17764122,0.73855133E-1,0.40121781,0.31020449,0.79441335E-1,0.66817084E-1,0.11087521,0.32589220,0.82500169,0.40634123,0.10564413
-9.5239694,0.34751759,0.84450503E-1,0.44308345E-1,0.53212367,0.21433007,0.11971645,0.34831013,0.52367576,0.57405766E-1,0.14116562,0.11516043,0.30634440,0.92743944,0.52114377,0.69302818
-11.556781,0.61917544,0.15537377,0.27477570,0.56884574,0.20393910,0.32657287,0.19929659,0.30669572,0.42944454E-1,0.33208066E-1,0.23268407,0.39045521,0.84720427,0.43646935,0.36484263
-9.3376556,0.67918836,0.24775907,0.43600215,0.69285812,0.26866295,0.47257736E-1,0.48781890,0.77303603E-1,0.15634253E-1,0.64355763E-1,0.12996054,0.37934678,0.88053383,0.49263354,0.76045595
-12.179327,0.42888845,0.10523504,0.75012505E-1,0.67147350,0.12135561,0.85786079E-1,0.33814910,0.35769291,0.28303306E-1,0.15577952,0.91045103E-1,0.31106472,0.89889565,0.41281821,0.55378648E-1
-9.8016076,0.77582322,0.14340771,0.16988137,0.53767174,0.49099123,0.43597824E-1,0.34749819,0.34032068,0.22672722E-1,0.14859708,0.55765235E-1,0.32006452,0.93661441,0.55393546,0.63397515
-5.8515664,0.38378744,0.11279221,0.15927090,0.56479483,0.17925483,0.12297166,0.30824855,0.36094505,0.44498126E-1,0.19289316E-1,0.21734577E-1,0.36428383,0.86616089,0.40324277,0.49839302
-5.9148759,0.50450164,0.15528514,0.15982288,0.65477282,0.12750086,0.63019913E-1,0.37061253,0.30877347,0.37126195E-1,0.42060949E-1,0.55178753E-1,0.32980831,0.87725137,0.48063020,0.22621348
-11.508970,0.73006957,0.65158048E-1,0.25249533,0.64335819,0.24578095,0.10905801,0.38309913,0.52131364,0.61779664E-2,0.96850161E-1,0.75310687E-1,0.39315747,0.80768463,0.46903345,0.56138119
-6.4765468,0.30246951,0.19088334,0.35930172,0.69651662,0.13906892,0.13379431E-1,0.37040200,0.17923341,0.39483034E-1,0.51410525E-1,0.39492685E-1,0.30972830,0.89727297,0.46815746,0.24927432
-12.513843,0.47670500,0.12031063,0.19196151,0.57498531,0.16491804,0.76676516E-1,0.39601078,0.42276038,0.12572446,0.56662556E-1,0.39955134E-1,0.35827623,0.84139954,0.63718259,0.16406365
-10.918968,0.50565380,0.18758164,0.44187032,0.55469525,0.30602865,0.15736319,0.46950072,0.20910031,0.91437850E-1,0.89979767E-1,0.11706640,0.36968459,0.91477752,0.52543445,0.12563134
-6.9721979,0.37403236,0.13610402,0.39473126,0.66278843,0.15941510,0.21092110E-1,0.32831137,0.28391814,0.46596309E-1,0.11665835,0.11099828,0.31369499,0.88966094,0.49116167,0.57125762
-9.5640179,0.47032532,0.17956733,0.62284033,0.68540102,0.29917217,0.10196272,0.30898944,0.16891731E-1,0.39708379E-1,0.10874410,0.13527084,0.32654667,0.92829616,0.59749490,0.47015435
-7.1476151,0.31261132,0.13903386,0.43649410,0.49644333,0.34323148,0.32381199E-1,0.21907747,0.24383841,0.41822080E-2,0.10625819,0.76677409E-1,0.28989156,0.92726327,0.40615626,0.79547941
-12.224599,0.23558024,0.15854433,0.56535216,0.64853934,0.13114871E-1,0.35883905E-1,0.63695696,0.22669817,0.26562335E-1,0.18744863,0.11605545,0.36308393,0.84671683,0.49203377,0.61309973
-8.3118468,0.97494478E-1,0.99952324E-1,0.44711533,0.45158955,0.47181966,0.10989297,0.91408618E-1,0.20235535,0.53545316E-2,0.52688245E-1,0.10527559,0.32835246,0.84089640,0.37433117,0.67071700
-7.5070793,0.37723692,0.20145514,0.66280467,0.69471250,0.20533064,0.44410629E-1,0.49400701,0.70848371E-1,0.10526365,0.46011616E-1,0.12564922,0.37062151,0.85058122,0.48233072,0.79305443
-12.311190,0.56104351,0.15760076,0.32439448,0.68535429,0.79646506E-1,0.10979816,0.36954474,0.28686050,0.11761360,0.14698799,0.16752113,0.30002045,0.95605640,0.57219755,0.13990980
-7.8972958,0.49390374,0.19312572,0.28753668,0.64111810,0.15564734,0.20076844,0.27245051,0.27977578,0.15748839E-1,0.10627871,0.10784560,0.34312412,0.87567134,0.45832260,0.38572501
-9.2265399,0.33035849,0.20062407,0.46373126,0.53811848,0.57215210,0.23336522E-1,0.30173950,0.92322786E-1,0.11937894,0.11114413,0.30378025E-1,0.30113708,0.95175374,0.51918982,0.18908232
-7.8921882,0.71519658E-1,0.14027951,0.72409883,0.53942135,0.36961617,0.28060484E-1,0.43226879,0.40981650E-1,0.50565334E-1,0.15045747E-1,0.96896266E-1,0.35634448,0.86430413,0.38353768,0.19822138
-14.418648,0.88675651,0.14843285,0.45374695,0.65070527,0.33189880,0.26762704,0.11698732,0.11005065,0.83888707E-1,0.61151359E-1,0.20544820,0.31997493,0.87888660,0.61048232,0.66409329
-6.1394745,0.38306306,0.14349739,0.33935534,0.46221200,0.39991608,0.45783802E-1,0.80636683E-1,0.18561493,0.22102717E-1,0.52713574E-1,0.91204826E-2,0.29520868,0.91324771,0.39860055,0.41384836
-9.0292105,0.23593230,0.12371827,0.21217811,0.41743625,0.53304509,0.49305012E-1,0.30841002,0.31573576,0.62531564E-1,0.11323764,0.60664775E-1,0.31130754,0.91519506,0.46232077,0.39345983
-8.2819890,0.10847761E-1,0.13996955,0.33733305,0.64936355,0.15432646,0.82084133E-1,0.33113605,0.30352868,0.18672704E-1,0.57249828E-1,0.78941818E-1,0.33906554,0.87356110,0.30882908,0.20481017E-1
-16.560418,0.53186785,0.15333185,0.38866273,0.77798705,0.23996650,0.73452242E-1,0.36403138,0.21777620,0.16328880E-1,0.84621962E-1,0.27316301,0.34467697,0.82844828,0.39365939,0.51420196
-9.6927591,0.95902974E-1,0.13848804,0.28756661,0.65315050,0.12623718,0.14846043,0.38912035,0.40340358,0.74968971E-1,0.27851379E-1,0.14297296,0.35032272,0.92064376,0.50449079,0.67804718E-1
-10.957296,0.70505489,0.13788190,0.17130420,0.54541606,0.24134356,0.14685953,0.19262151,0.43259728,0.23991464E-1,0.40741862E-1,0.20796227,0.33020847,0.93711302,0.31724944,0.62074957
-10.726204,0.30300487,0.13567229,0.33273583,0.57648385,0.28523250,0.27754900E-1,0.28821731,0.31474361,0.23444486E-1,0.20581262,0.75934371E-3,0.36367795,0.88552736,0.28041289,0.73075239
-5.8353993,0.41160147,0.16605738,0.30354482,0.50577271,0.38355290,0.40459886E-2,0.16702868,0.19683682,0.39009659E-1,0.30763125E-1,0.39391525E-1,0.31318042,0.91812750,0.32029463,0.36040301
-9.0227585,0.44395819,0.19407390,0.33569985,0.68318252,0.19626568,0.62236891E-1,0.17231890,0.13786508,0.28205875E-1,0.11087907E-1,0.14765555,0.28928932,0.92899103,0.61327082,0.58389432
-10.032321,0.68746731,0.13440887,0.17546221,0.39939450,0.90020387,0.15032525,0.18067968,0.53778592E-1,0.51352599E-1,0.60778264E-1,0.90842756E-1,0.33744589,0.87356652,0.47012579,0.40231208
-14.367191,0.63285484,0.12760145,0.16679179,0.72640167,0.18444309,0.21753050,0.41555467,0.52611886,0.13553861,0.62573241E-1,0.81220174E-1,0.33922313,0.92847761,0.61495442,0.47973611
-7.8112515,0.52148081,0.78884716E-1,0.13946798,0.51657562,0.50120158,0.10831865,0.23948130,0.38230644,0.22182531E-1,0.47692438E-1,0.11496870,0.35805285,0.85197306,0.31369431,0.18534156
-7.8112587,0.76017468,0.14131607,0.24263650,0.62179719,0.38197532,0.99673675E-1,0.30209498,0.38994211,0.70512923E-2,0.22811663E-1,0.22408824,0.35833826,0.87739123,0.45445521,0.95067067
-15.078575,0.89792504,0.10644649,0.16448083,0.64580714,0.30599130,0.17522660,0.35063782,0.35620442,0.15226827,0.22839555E-1,0.12726344,0.36637768,0.85604841,0.70279959,0.45415488
-8.6950472,0.61199112,0.94465405E-1,0.13842272E-1,0.59708533,0.26711989,0.97842988E-1,0.28723213,0.53819825,0.76504056E-1,0.10194347,0.98567166E-1,0.35071345,0.82305076,0.44225423,0.79608784
-10.344625,0.88927146,0.16247514,0.37843838,0.61546070,0.41044905,0.23720076,0.15579888,0.89372417E-1,0.55721743E-1,0.10895314,0.14034411,0.33360795,0.87771696,0.60841271,0.38151724
-9.0515089,0.28579904,0.19801814,0.42929419,0.59438532,0.37370177,0.12037360,0.45597986,0.24974246,0.12772092E-1,0.76054668E-1,0.78222189E-1,0.36103926,0.92235429,0.40227116,0.63334735
-14.782122,0.58923668,0.12803576,0.36120793,0.66416998,0.33005158,0.34932801,0.19516111,0.38034786,0.11407864E-1,0.58533700E-1,0.18661629,0.43166863,0.82218632,0.51640476,0.61952663
-9.8478372,0.65521341,0.14784646,0.37142763,0.74735320,0.24549709,0.39904755E-1,0.52660415,0.45046355,0.48866853E-1,0.21565066E-1,0.89825882E-1,0.40495916,0.83221467,0.53814691,0.87948164
-8.8262106,0.37044104,0.12728675,0.32913700,0.59740915,0.18106132,0.35499909E-1,0.25618130,0.32452506,0.88293728E-1,0.19494579,0.52045430E-1,0.33454727,0.85310797,0.37552294,0.16632009
-8.1496226,0.49458960,0.12326021,0.36672005,0.62783681,0.12651415,0.15189585,0.28148152,0.23514595,0.77558507E-1,0.55937937E-2,0.17709371,0.35753423,0.89808363,0.49853336,0.31929214
-10.964240,0.86574099,0.11520605,0.10094625,0.54254583,0.43983398,0.30501699,0.72524980E-1,0.36998666,0.69869280E-1,0.45799028E-1,0.12934387,0.36797226,0.90710465,0.50984062,0.17183653
-10.660546,0.51893646,0.19405160,0.40651328,0.51984029,0.28410704,0.77750515E-1,0.29755198,0.26731888,0.10688523,0.44924286E-3,0.13634550,0.29327802,0.92212152,0.48206040,0.33008154
-9.2687393,0.36582518,0.14882302,0.57098299,0.56700632,0.15534360,0.20589245,0.19184779,0.24289224,0.23482217E-1,0.15322335,0.12771636,0.36401189,0.83733907,0.41929660,0.89220626
-8.7061375,0.62949776,0.14100032,0.18344029,0.54430651,0.43504276,0.14834717E-1,0.30625999,0.31651590,0.34568914E-1,0.16805778,0.16379998,0.34917473,0.84979739,0.43946014,0.71981193
-12.053671,0.15961296,0.16637942,0.51399933,0.62726780,0.18055680,0.14578064,0.19558486,0.27695131,0.69470280E-1,0.33628459E-1,0.15763194,0.30837148,0.91750053,0.36180353,0.82697207
-11.613421,0.91662791,0.11219915,0.39077529E-1,0.57948245,0.48772115,0.60115913E-1,0.19367146,0.48805931,0.55298505E-1,0.44412787E-1,0.97962702E-1,0.34100436,0.92783070,0.50980897,0.46763544
-7.7035077,0.71895310,0.13843541,0.36136196,0.75543729,0.13424722,0.11428175,0.30929047,0.26168726,0.24543093E-2,0.91948092E-1,0.11915431,0.37224613,0.89010049,0.54598441,0.85431440
-9.4629955,0.27610700,0.20085689,0.45736650,0.65184080,0.42671112,0.66742750E-1,0.29657766,0.18269748,0.63124377E-1,0.63577862E-1,0.23073322E-2,0.32948420,0.86301966,0.46390838,0.18727091
-8.4787841,0.29432277,0.19706462,0.68330777,0.60488526,0.32035404,0.14940341,0.17938482,0.64650968E-2,0.29809188E-1,0.91536366E-2,0.16687712,0.32393121,0.92036478,0.53650444,0.42128522
-10.124766,0.76654739,0.10639256,0.13848227,0.62590516,0.24610658,0.73326447E-2,0.29493070,0.25428564,0.42934940E-1,0.96314951E-1,0.22071241,0.31516221,0.87291671,0.60243189,0.28776510
-8.5819207,0.58414836,0.16786105,0.35291250,0.53066917,0.27700514,0.20555878,0.40612129E-1,0.97937751E-1,0.31783443E-3,0.27548364E-1,0.65610922E-1,0.37407215,0.83134230,0.35085915,0.16020844
-6.1196389,0.10820360,0.19363262,0.52343096,0.54541890,0.37573403,0.11160968,0.25598862,0.10136832,0.19650842E-1,0.58811702E-3,0.11200422,0.31851243,0.87631903,0.45112311,0.33502397
-6.5906642,0.64882314,0.13525181,0.31148929,0.72575829,0.13443628,0.65730558E-1,0.44539589,0.31402157,0.46882318E-1,0.26690028E-1,0.15512690,0.36851377,0.88792567,0.53969003,0.47209193
-9.0065228,0.51386824,0.14862467,0.34461075,0.57856015,0.23775355,0.21329773,0.34421857,0.18772558,0.77220603E-1,0.80235819E-1,0.10835129,0.37367537,0.87234616,0.53511266,0.25260135
-7.8019989,0.43317934,0.16907861,0.40315648,0.55792324,0.19380632,0.36825371E-1,0.43751499,0.37497797,0.39883628E-1,0.40368095E-1,0.84679675E-1,0.34760330,0.86817768,0.41241995,0.93125623
-9.1550394,0.51443024,0.12694050,0.57665774,0.56707455,0.50848161,0.11636988,0.42442723,0.18346159,0.37329366E-1,0.11272664,0.58978746E-1,0.36333277,0.88546319,0.49038702,0.87289702
-13.466738,0.64810211,0.10707031,0.62900600,0.66869426,0.14558865,0.15309416,0.35563501,0.27872365,0.59812007E-1,0.69403561E-1,0.12053799,0.41108450,0.87736175,0.46830404,0.69800817
-8.4546467,0.94934148,0.20504844,0.21437263,0.75089206,0.33818604,0.60896816E-1,0.30969810,0.14244816,0.81068629E-1,0.44620091E-1,0.94293202E-1,0.33818310,0.86764372,0.50731886,0.65927471
-7.5215786,0.33650189,0.11825464,0.39224147,0.41750578,0.57899880,0.12197134,0.24309112,0.30679038,0.10503980E-2,0.10267171,0.58424086E-1,0.34324210,0.88599983,0.38032309,0.43834955
-8.1408555,0.57820164,0.95496753E-1,0.71038417E-1,0.61983533,0.38676308,0.13344861E-1,0.17011064,0.34784007,0.93171835E-2,0.10959451,0.32527627E-1,0.33281500,0.91511842,0.45367346,0.29029815
-9.4144021,0.52558861,0.13320100,0.27540071,0.70236438,0.33274197E-2,0.16613225E-1,0.40089541,0.27641732,0.10782353,0.19659451E-1,0.13693682,0.33873152,0.90186753,0.37730309,0.27499470
-11.137229,0.38500319,0.17041636,0.43861767,0.63697276,0.14694738,0.12494038,0.26692414,0.39406334,0.22691056E-1,0.72789754E-1,0.10264045E-1,0.29645175,0.93911362,0.59369612,0.36968502
-9.4716284,0.51074153,0.18773114,0.52876508,0.66068518,0.16812752,0.17861377,0.35492151,0.20930659,0.10815489,0.10581918,0.16026165,0.36219812,0.89452259,0.44643667,0.62669374
-8.4320924,0.29489864,0.15709838,0.36530189,0.54696305,0.23598204,0.12071897,0.13491083,0.31506958,0.38556898E-1,0.77032275E-1,0.78515977E-2,0.30076001,0.86541737,0.40183328,0.38855957
-9.3330841,0.43422156,0.14350003,0.22650636,0.49610899,0.35290492,0.11241749,0.20832337,0.35280108,0.46435590E-1,0.90306426E-1,0.33396839E-1,0.33710007,0.86675691,0.17367874,0.29276851E-1
-11.350938,0.44998076,0.16912781,0.15973693,0.57903196,0.43005575,0.94480631E-1,0.27944424,0.26386550,0.78969206E-1,0.86898326E-2,0.95164264E-3,0.33219493,0.94697294,0.40273900,0.87979124
-8.4333977,0.74606248,0.19653844,0.19790936,0.55355402,0.34093282,0.82617084E-1,0.12378878,0.15687841,0.22743713E-1,0.44021371E-1,0.17608482,0.30208638,0.89866641,0.38538004,0.21425073
-8.0121516,0.45205880,0.16091251,0.28346862,0.50166371,0.52694427,0.55282699E-1,0.27677294,0.33181853,0.24694942E-1,0.34246383E-1,0.24574465E-1,0.29739155,0.91193861,0.35723512,0.38153656
-12.680124,0.69790566,0.15231421,0.38849569,0.60090286,0.27116669,0.36532882,0.14583095,0.30866957,0.56882693E-1,0.10341621,0.62364726E-1,0.33644812,0.90280031,0.59362417,0.18694523
-10.746866,0.78105169,0.11599592,0.18351765,0.48923672,0.44863692,0.13261398,0.25047475,0.35577053,0.52914361E-1,0.14839309,0.20951938,0.35725365,0.84582386,0.45335298,0.12056906
-7.2108646,0.31925766,0.15083773,0.59227314,0.63105641,0.70103796E-1,0.57964743E-1,0.42348653,0.28830848,0.27033769E-1,0.80648461E-1,0.21362810,0.33968661,0.89948189,0.49012630,0.57689999
-10.833367,0.65301302,0.18115937,0.22847157,0.69548388,0.27147158,0.41902368E-1,0.39719638,0.32531002,0.15968331E-1,0.96796870E-1,0.12020102,0.39321612,0.88617702,0.30752008,0.12390594
-11.287466,0.87624365,0.11131133,0.29739864,0.52480690,0.72339793,0.83093338E-1,0.25255074,0.27165769,0.10625410,0.23199719E-2,0.18287854,0.32041550,0.90942719,0.58283060,0.70751810
-6.0179736,0.32610350,0.16903011,0.38097257,0.64145549,0.20639724,0.36757912E-1,0.40195930,0.18673862,0.24862972E-1,0.12713038,0.60634057E-1,0.35457880,0.88136466,0.41222820,0.36634687
-7.8387167,0.34378887,0.13307294,0.36747944,0.67220018,0.64841803E-1,0.85181794E-2,0.21592346,0.33414717,0.27319833E-1,0.51362080E-1,0.11258528,0.33862021,0.88839445,0.52721392,0.35465067
-14.395430,0.12894201,0.14644882,0.66674098,0.62081599,0.19603321,0.34134288E-1,0.47489448,0.24269132,0.79829037E-1,0.18444842,0.47016866E-1,0.30484857,0.96473854,0.61564298,0.98714371
-9.5777728,0.83168831,0.14808787,0.88018240E-1,0.72346819,0.29272590,0.14982389,0.16367785,0.19591915,0.23715438E-1,0.78447905E-1,0.70050984E-1,0.37703692,0.83680618,0.37879475,0.60086372
-11.919576,0.52328635,0.19010367,0.25581134,0.49315855,0.52999250,0.41980699E-1,0.11235312,0.21909807,0.11866292E-1,0.93194788E-1,0.24267603E-1,0.30588699,0.84944230,0.16797525,0.59459744
-7.7913229,0.44183538,0.15565981,0.46878665,0.58451115,0.20301973,0.37435474E-1,0.36234437,0.95539605E-1,0.64209616E-1,0.15107708,0.84857083E-1,0.33876219,0.89069528,0.47597840,0.40851221
-12.881879,0.99661698,0.12243290,0.12000142,0.68827469,0.29097260,0.29220731,0.76958439E-1,0.26461804,0.50292369E-1,0.16227275,0.16761410,0.33577227,0.88516185,0.63970470,0.72180168
-12.621470,0.62650164,0.12419071,0.32940880,0.42677574,0.62957875,0.17178767,0.84268291E-1,0.18053608,0.51508364E-1,0.58885743E-1,0.88541998E-1,0.35709981,0.79725249,0.40254697,0.53577657
-9.7909474,0.58221395,0.19768554,0.26746355,0.71695411,0.19015831,0.22370082,0.20136597,0.14548756,0.41456515E-1,0.58912057E-2,0.24458451E-1,0.33351753,0.88387641,0.42270887,0.26141688
-10.500817,0.69602843,0.16133260,0.49358904,0.69815892,0.26737642,0.14640952,0.21313416,0.21380399,0.29289755E-1,0.53300847E-1,0.10287505,0.33602327,0.90535448,0.46880741,0.22741123
-8.2886062,0.40533185,0.14105231,0.46262492,0.55601304,0.23434035,0.74664657E-1,0.33002268,0.16915794,0.79577291E-2,0.64481737E-1,0.13737415,0.31401928,0.89468312,0.59939350,0.72612710
-8.5613646,0.25556399,0.84288697E-1,0.55372625,0.55997172,0.75823447E-1,0.49769016E-1,0.34732555,0.35679199,0.52512245E-1,0.77993358E-1,0.50008138E-1,0.36250676,0.83285055,0.44286347,0.60145586
-16.392424,0.16018173,0.15431176,0.67302389,0.54627165,0.13992566,0.85698134E-1,0.17989520,0.37757076E-1,0.97722707E-1,0.81651725E-1,0.35852562E-1,0.30796149,0.84579014,0.68397429,0.61088961
-10.666927,0.85040515,0.10983097,0.12223178,0.59311257,0.33264633,0.25025074E-1,0.36789175,0.42725745,0.11056041,0.96260025E-1,0.25440423,0.35041522,0.88573218,0.47778347,0.76615801
-8.3668806,0.29722254,0.12651141,0.65815283,0.57083993,0.20469298,0.64034625E-1,0.30930555,0.16296724,0.89567536E-2,0.69051225E-1,0.18482059,0.37101308,0.83506993,0.51362338,0.58488666
-7.2920083,0.75603866,0.17655906,0.34791679,0.55905632,0.65647688,0.10820560,0.25719440,0.97399182E-1,0.54926456E-1,0.83713690E-2,0.17012752,0.35754359,0.85227599,0.49702055,0.42409160
-8.1281618,0.54668004,0.17056093,0.35216585,0.53002707,0.35934452,0.14332956,0.31094006,0.18456242,0.31864112E-1,0.11913087,0.17305629,0.35518952,0.87703456,0.45753382,0.67477971E-1
-6.1536869,0.38784992,0.10883041,0.27768221,0.64499485,0.30171471E-1,0.81842296E-1,0.30792287,0.38719133,0.19516538E-1,0.76719956E-1,0.14191944,0.34317000,0.85126808,0.38975620,0.44863234
-10.049594,0.48770830,0.15423421,0.28207729,0.57835505,0.48923924,0.47926287E-1,0.44580428,0.34143909,0.54924435E-1,0.20608524,0.10738724E-1,0.34960082,0.91317441,0.46156832,0.49558548
-9.9594747,0.91651399E-1,0.14501035,0.33246270,0.55357482,0.67593294E-1,0.14473569,0.21156321,0.44183179,0.19047144E-1,0.17967905,0.12362567,0.29470138,0.93609692,0.37911018,0.44704292
-13.598661,0.89213464,0.19666895,0.15462681,0.55820173,0.57419144,0.36591092E-1,0.26245718,0.33460458,0.11383090,0.91203606E-1,0.14094402,0.28885057,0.90982435,0.57054441,0.71101861
