SampleLogFunc,Substrate Roughness,Oxide thick,Oxide Hydration,Lipid APM,Head Hydration,Bilayer Hydration,Bilayer Roughness,Water Thickness,Backs par D2O,Scalefactor 1,SLD D2O
-9.7120396,0.62427754E-1,0.18122221,0.30532825,0.57625151,0.18667317,0.20866675,0.23752734,0.32762169,0.67920397E-1,0.32430718,0.89410892
-11.066184,0.87923788E-1,0.18915243,0.38831270,0.58984080,0.20204923,0.17377195,0.22516856,0.30261560,0.64619094E-1,0.29047582,0.97884668
-11.323519,0.27486472,0.22069823,0.38582422,0.58204230,0.19767696,0.85224351E-1,0.22520130,0.22940058,0.10882504,0.26915322,0.95272323
-8.0366243,0.42333241,0.14387582,0.23527960,0.66336246,0.20328947,0.13365767,0.38251917,0.28374227,0.48651475E-1,0.37042721,0.89576218
-10.217534,0.61247040,0.65599722E-1,0.16543987,0.61235684,0.26913272,0.69392753E-1,0.35945234,0.34537155,0.21958758E-1,0.34976390,0.85744190
-8.5381458,0.70816294,0.13551260,0.17022142,0.69204016,0.15449098,0.73435036E-1,0.31391144,0.36599032,0.11246784E-1,0.38829229,0.85762809
-7.1953723,0.70169612,0.18011292,0.18783796,0.67432226,0.15917940,0.56107436E-1,0.30264914,0.37048323,0.20774214E-1,0.34533352,0.88266403
-7.0722684,0.55036516,0.17527101,0.19115272,0.67037526,0.12723432,0.12722166,0.26124814,0.37899562,0.24873346E-1,0.35004989,0.88957784
-6.6605474,0.51277368,0.17950325,0.26866338,0.62142975,0.21057260,0.13460707,0.31103849,0.34083464,0.25102846E-1,0.33190061,0.91201854
-5.7376980,0.53063951,0.15516852,0.23332160,0.63047083,0.18275815,0.12998407,0.29703956,0.38624257,0.22720448E-1,0.34020799,0.88742832
-7.9450770,0.75957567,0.17879327,0.20660612,0.65216778,0.19023834,0.49921337E-1,0.31044122,0.36424060,0.25623445E-1,0.34072978,0.87575779
-5.9466603,0.48775969,0.14136327,0.23572994,0.63149515,0.22925793,0.14671454,0.33553723,0.32985724,0.21785367E-1,0.35701207,0.89377781
-10.663278,0.69276504,0.21201621,0.26599006,0.61861533,0.19145345,0.10165454,0.28447253,0.33958855,0.52632538E-1,0.32913453,0.87807366
-6.5087195,0.43925039,0.14344154,0.30762006,0.59767601,0.28014218,0.14076604,0.35967061,0.24784965,0.55254021E-1,0.36102742,0.87862844
-6.3321556,0.61851958,0.12738030,0.15809590,0.66045556,0.10878853,0.10189434,0.28006113,0.49137250,0.46111614E-2,0.35133555,0.86067025
-5.7997346,0.42915862,0.12196742,0.22345301,0.63738793,0.20352226,0.11960126,0.31895517,0.34872045,0.15841944E-1,0.36106593,0.88295002
-5.3199729,0.50358621,0.14853701,0.21284601,0.66417755,0.15027676,0.92779117E-1,0.30725409,0.35797545,0.29351903E-1,0.33923269,0.91572214
-6.3783980,0.63762297,0.15529347,0.18370203,0.66682723,0.92956791E-1,0.10075514E-1,0.27548251,0.44526072,0.15738480E-1,0.31313443,0.92180113
-6.8220881,0.36491834,0.12747310,0.24269007,0.57550063,0.18971530,0.20220846,0.29175771,0.43963423,0.10137207E-1,0.32360982,0.91408045
-6.8537985,0.46412725,0.12898686,0.26212143,0.60773740,0.19607028,0.58028223E-2,0.29998005,0.24529859,0.90143309E-1,0.34255814,0.87322003
-9.2434853,0.29065036,0.13832914,0.35646194,0.49648233,0.27864816,0.23367840,0.29985182,0.25345103,0.10395846,0.35138149,0.85710207
-7.2361764,0.56401110,0.16949215,0.14908798,0.72545421,0.10665246,0.37228441E-1,0.28307847,0.31532405,0.44551173E-1,0.33510031,0.93016890
-5.8985669,0.41467591,0.11218963,0.23083625,0.64477698,0.14996878,0.10152493,0.32181103,0.38558614,0.33352459E-1,0.33934576,0.91724151
-6.3626019,0.60201703,0.17005709,0.23328570,0.66877073,0.12137493,0.68587302E-1,0.29578897,0.38388891,0.54325253E-1,0.32438152,0.92118520
-8.9024477,0.77268961,0.19382542,0.17804660,0.72110289,0.13832651,0.53167411E-1,0.30424996,0.37554179,0.20686045E-1,0.35452847,0.87561685
-6.5290464,0.26852628,0.14858594,0.22954785,0.60993421,0.14921392,0.13565537,0.22386747,0.35841323,0.32704783E-1,0.30208569,0.93767146
-6.9454294,0.50421415,0.11942396,0.21040135,0.71748303,0.14199152,0.21201209E-1,0.32190057,0.38545059,0.40129916E-1,0.32178570,0.91558961
-10.081605,0.43220293,0.15451842,0.38320576,0.56839759,0.30382636,0.11037978,0.32242902,0.18380642,0.10227110,0.37341883,0.81332516
-9.5509143,0.60344746,0.12096975,0.22274753,0.57252036,0.29198581,0.91282874E-1,0.35737316,0.27916999,0.16470785E-1,0.38718566,0.85165688
-8.6758729,0.13703312,0.12867411,0.26858936,0.63284305,0.97347491E-1,0.20102479,0.25983810,0.39137387,0.70452898E-1,0.32311890,0.93778314
-10.078533,0.49187981,0.18447259,0.40537257,0.59818387,0.27440238,0.46988600E-1,0.41506338,0.15880926,0.17539330,0.32062286,0.90426230
-9.3535493,0.49850286,0.16301313,0.40147939,0.49137638,0.43965601,0.55953457E-1,0.40304539,0.12483332,0.71466693E-1,0.34524273,0.86745605
-7.5891026,0.58743469,0.10892398,0.21650979,0.61209718,0.32454103,0.10964567,0.38748629,0.32888253,0.75627582E-2,0.36830362,0.86952737
-5.5704487,0.27469906,0.99999521E-1,0.20164903,0.56923269,0.15970435,0.65078839E-1,0.26031818,0.38123560,0.37571412E-1,0.33065636,0.89025516
-7.2951717,0.44566510,0.99103685E-1,0.19486712,0.60307483,0.18875458,0.65002066E-1,0.29275352,0.48650882,0.50580834E-1,0.32154002,0.86622338
-7.9539452,0.17789316,0.10826465,0.28299325,0.50747546,0.13738893,0.88766990E-1,0.16847452,0.34349768,0.50564396E-1,0.32467663,0.90850916
-6.4422289,0.61149189,0.15859569,0.96689152E-1,0.67100483,0.20565229,0.13101619E-1,0.33831072,0.31407265,0.23889229E-1,0.33115275,0.92394488
-11.511897,0.57820411,0.21278721,0.28909923,0.70546106,0.37737395,0.11514291,0.42554894,0.13280224,0.54487262E-1,0.37072893,0.90474428
-8.2068798,0.56471542,0.11288924,0.17101260,0.65643325,0.34093054,0.61763917E-1,0.35768255,0.41482856,0.57040461E-1,0.32737535,0.91209549
-8.7863168,0.12025403,0.10831688,0.86926979E-1,0.55249659,0.20081313,0.53944327E-1,0.15519849,0.47990250,0.61584095E-2,0.26629267,0.94963344
-8.3230259,0.32364680,0.10891431,0.25312418,0.61709073,0.25081730,0.11809517,0.19946646,0.35946399,0.30943089E-1,0.35379896,0.83396242
-6.2614533,0.53206454,0.15323631,0.21220676,0.71005272,0.19401441,0.19161346E-1,0.29924329,0.27555831,0.62414720E-2,0.34262395,0.91300737
-5.5171241,0.33958371,0.13308688,0.33897368,0.63695337,0.15691279,0.10361327E-1,0.27087486,0.29364047,0.60670017E-1,0.32468202,0.88803769
-8.2846958,0.28258028,0.11579119,0.25903421,0.58023157,0.20687135,0.16174141,0.32394716,0.40192729,0.50218199E-1,0.31007970,0.90320044
-7.4403623,0.42631980,0.15739515,0.37889215,0.57232029,0.11063078,0.13092781,0.29393969,0.14849382,0.53754369E-1,0.35610802,0.87332446
-8.3973612,0.35315517,0.10577303,0.22108450,0.62363189,0.15702389,0.79006828E-1,0.27967065,0.25659777,0.30128688E-1,0.31278541,0.93796224
-7.0586911,0.27836371,0.14663766,0.47308582,0.49678720,0.28230681,0.41121537E-1,0.32583155,0.18322409,0.30998031E-1,0.30257362,0.91711002
-6.4961173,0.35490379,0.15467934,0.51055995,0.60315545,0.14539609,0.10527990,0.35780565,0.25213386,0.48562659E-1,0.32931533,0.89591323
-10.703173,0.14550659,0.10593546,0.43150649,0.59280248,0.25522419,0.82893221E-1,0.35454446,0.34995337,0.78782932E-1,0.31504459,0.86471431
-7.3726812,0.16115827,0.21775313,0.44740394,0.69137649,0.14109772,0.13477534E-3,0.32066789,0.14504011,0.76031410E-1,0.32393709,0.86823766
-8.0932628,0.26396958,0.11821777,0.38148690,0.48960457,0.14147549,0.18163605,0.32242388,0.38521466,0.39702876E-1,0.33531040,0.87587651
-10.787871,0.60917134,0.13946534,0.22578803,0.63833157,0.28624800,0.86673406E-1,0.41900319,0.41921876,0.11654421,0.34604561,0.83167273
-6.3256713,0.39505535,0.12816656,0.24851114,0.54987645,0.47534028,0.70323238E-1,0.30623440,0.27278431,0.87974460E-2,0.32715361,0.91684406
-8.8035690,0.62598608E-1,0.22779933,0.49182047,0.66275414,0.32816683,0.89733738E-1,0.25163864,0.40357412E-1,0.52174945E-1,0.30584938,0.94338369
-10.859321,0.77367472,0.18877299,0.19562420,0.65139806,0.25245282,0.49165823E-1,0.35854273,0.37253568,0.13512580E-1,0.30516215,0.96243962
-5.9593809,0.13032976,0.16452639,0.39652834,0.57027996,0.27944128,0.50991066E-1,0.26283387,0.21581935,0.19833625E-1,0.32190634,0.86274111
-7.5648723,0.34483347,0.15998473,0.31094944,0.58071014,0.30088613,0.62654739E-2,0.38150166,0.17282675,0.46248880E-1,0.35269725,0.84728252
-7.0594368,0.24659140,0.15604825,0.42168274,0.72574761,0.82906392E-1,0.46859844E-2,0.54496255,0.25903682,0.60635834E-1,0.35429412,0.87102159
-8.6477008,0.30753463,0.18074456,0.65692272,0.63919936,0.31479184,0.18258569,0.38986298,0.40250435E-1,0.66371111E-1,0.36818452,0.87684312
-6.7408273,0.51476877,0.16102771,0.33053751,0.62104287,0.16580590,0.16390555,0.28508726,0.18340660,0.63568083E-1,0.34367861,0.85436616
-8.0809857,0.52395735,0.14596154,0.13650679,0.70300847,0.18200499E-1,0.24227266,0.34444796,0.37764133,0.33106466E-1,0.36933360,0.88101370
-6.7693264,0.48731323,0.14825620,0.18981945,0.62827701,0.45612950E-1,0.27381485E-1,0.45709282,0.39079924,0.56134047E-1,0.32453692,0.88336519
-8.4187768,0.43041151,0.13981483,0.43508118,0.65363613,0.22274744,0.76424978E-1,0.44844286,0.31659650,0.23348828E-1,0.38923273,0.81452735
-7.2952023,0.30174627,0.17210558,0.40370951,0.61204271,0.31077259,0.12804329,0.31689972,0.27230863,0.82598324E-2,0.35911452,0.85820754
-10.908353,0.11395778,0.11858172,0.67163103,0.61861293,0.29121706E-1,0.20165021,0.37877758,0.17139964,0.33581912E-1,0.42877900,0.81169278
-13.125481,0.62410894,0.86676380E-1,0.11736168,0.57663748,0.52489291,0.12427757,0.35110628,0.52848747,0.48229466E-1,0.38549442,0.82770142
-9.6563890,0.50621022,0.10764635,0.37502650,0.60763204,0.11560351,0.24191849,0.26432950,0.45635191,0.11262542E-2,0.39641297,0.85444763
-6.2228972,0.26652590E-1,0.15360953,0.58622536,0.53885789,0.34770698,0.64690056E-1,0.29761481,0.45347312E-1,0.62797644E-1,0.34082943,0.87542117
-7.3963161,0.10596716,0.19351717,0.49453107,0.65924800,0.84397244E-1,0.81598187E-1,0.34949215,0.16186424,0.94807248E-1,0.33577708,0.94165839
-9.2820541,0.25985084,0.14054215,0.35622685,0.47913599,0.55465549,0.27358512E-1,0.40194683,0.15502653,0.11056853,0.31103476,0.92629358
-8.7942291,0.11429524,0.14340969,0.28473233,0.59509788,0.74614179E-1,0.26151140,0.32877301,0.52166054,0.35838873E-1,0.34721143,0.89570505
-8.0959907,0.63512223,0.20126895,0.27432240,0.59558490,0.29867493,0.20251985,0.78115589E-1,0.17686890,0.18925242E-1,0.33455166,0.87098965
-7.0510048,0.39192323,0.18344678,0.50689233,0.58865721,0.20626696,0.99420222E-2,0.35077231,0.18374111,0.17120564E-1,0.30154343,0.92241787
-13.389521,0.94638391E-1,0.21157825,0.53745101,0.62499063,0.49011250,0.85535359E-1,0.60356306,0.29233511E-1,0.47585689E-1,0.35323749,0.92988440
-8.9614562,0.65611746,0.16953510,0.41774676,0.56349496,0.40697706,0.28496219,0.20650591,0.21378382,0.31976325E-1,0.36019571,0.89428724
-9.0213962,0.48470868,0.18187359,0.51114642,0.58285283,0.19616141,0.17632738,0.33149324,0.13810374,0.77650828E-1,0.32554225,0.90629019
-10.133897,0.46671082,0.13098709,0.12154765,0.57210432,0.38431677,0.14143541,0.22935129E-1,0.33802306,0.73904433E-1,0.31646505,0.87605513
-10.743625,0.85918448,0.22288448,0.30721955,0.67343346,0.35409014,0.71301274E-1,0.11122008,0.18416235,0.17547001E-2,0.30819752,0.91286712
-11.082037,0.77631973,0.17860420,0.17163248,0.63700074,0.59145505,0.86348893E-1,0.39824614,0.23071341,0.96386297E-2,0.35763910,0.85118751
-8.7547181,0.26369747,0.17596058,0.59783320,0.59544021,0.45630992,0.19345828,0.20070447,0.83654067E-1,0.44597940E-1,0.33903237,0.89552266
-8.3602604,0.56282227,0.12540756,0.22474196,0.56390245,0.13791278,0.43366082E-1,0.21335769,0.35734246,0.10396398,0.31495304,0.90601021
-13.482202,0.23584015,0.13575109,0.33554668,0.36780696,0.93503086,0.15114042,0.14225116,0.21618683E-1,0.64363144E-1,0.33245685,0.86935552
-6.5074462,0.72816588E-1,0.12741540,0.37926655,0.57584423,0.13509750,0.85152476E-1,0.43068288,0.45122073,0.60803915E-1,0.34361571,0.89536810
-8.9187216,0.37226948,0.19341904,0.37534325,0.59673426,0.50230681,0.60856777E-1,0.30650628,0.26770839,0.15647031E-1,0.30632682,0.93151856
-9.0040577,0.63815595E-1,0.15854723,0.48333623,0.61025451,0.14983056,0.14533520,0.17705392,0.60494695E-1,0.60437901E-1,0.29984960,0.92803684
-10.875084,0.70672067,0.18183410,0.25224768,0.69603779,0.26080413,0.14825365,0.38433862,0.32286357,0.11567457,0.34285555,0.87922495
-8.8477888,0.45466112,0.18784209,0.32816142,0.65139486,0.29652395,0.16142868,0.42097479,0.22387190,0.66391227E-1,0.35637015,0.87554539
-12.330137,0.57985511,0.13024336,0.46087309,0.68568169,0.22267494,0.17069910,0.24187571,0.19982003,0.43372675E-1,0.36053908,0.80812954
-9.8310302,0.80532835,0.18708644,0.40996701,0.57213422,0.39517036,0.67099613E-1,0.19753843,0.10822899,0.51572525E-1,0.32567658,0.86891314
-8.5692382,0.62685378,0.10403668,0.32017988E-1,0.49520316,0.51722178,0.19297144,0.95789151E-1,0.24271664,0.42895752E-1,0.31700559,0.88111393
-11.426746,0.31280063,0.11036727,0.17028980,0.54567727,0.27069143,0.23676763,0.28856599,0.39883226,0.47193640E-1,0.30100136,0.91869043
-9.8795436,0.30770988,0.10510743,0.21509540,0.68827928,0.96532819E-1,0.69125866E-1,0.22827155,0.35497341,0.87778650E-1,0.33529517,0.89379011
-9.5937551,0.45083253,0.12388095,0.42647454,0.44856197,0.73893231,0.15045933,0.11515433,0.45330727E-1,0.66494637E-1,0.33173822,0.91512733
-8.7078348,0.52048709,0.13642230,0.23704530,0.66346410,0.17485210,0.18632201,0.12055310,0.39675233,0.58875152E-1,0.33544322,0.89659723
-9.1021664,0.16902893,0.17901504,0.42149506,0.52558444,0.31938125,0.22195639,0.48325196E-1,0.18666827,0.34354127E-1,0.33832272,0.89509317
-6.4757895,0.45615390,0.16287064,0.19965984,0.70784374,0.13321100,0.93775630E-2,0.36185377,0.31602635,0.69148285E-1,0.33062478,0.86057432
-7.5502764,0.42493992,0.93640491E-1,0.12402606,0.56011108,0.23174155,0.32520383E-1,0.32738661,0.38649268,0.60611668E-1,0.30471257,0.94132899
-6.5495621,0.32243562,0.16678825,0.39340310,0.56512552,0.18877975,0.13640118,0.25967483,0.19831507,0.93497256E-1,0.33411343,0.90257394
-8.4514187,0.64270355,0.11106544,0.51889997E-1,0.55587498,0.30001026,0.11717027,0.19410053,0.41236817,0.10950110,0.32601161,0.90895415
-7.1215531,0.56784332,0.20729417,0.25997308,0.64159505,0.18761497,0.12117459,0.12444694,0.21429293,0.83583391E-2,0.31397097,0.91693971
-6.7761293,0.67020042,0.11820133,0.16924628,0.66326681,0.13176847,0.73734995E-1,0.29145370,0.33299426,0.27539896E-1,0.32176046,0.91611375
-9.0534197,0.29290080,0.16127155,0.51938733,0.56421670,0.54205086,0.11971993,0.41743475,0.17541777,0.17479610E-1,0.34332943,0.86164265
-6.6409838,0.31103738,0.17648708,0.40205172,0.59081411,0.81088162E-1,0.20624981,0.29062154,0.30631265,0.41210042E-1,0.34332815,0.90293799
-7.3778675,0.23317075,0.18371287,0.64536088,0.58504622,0.48250194,0.16308425,0.34753281,0.60132348E-2,0.27084807E-1,0.36169701,0.88188070
-6.4005596,0.28739254,0.11309948,0.18061549,0.59076455,0.15408234,0.21632448,0.22278276,0.44761258,0.20601444E-1,0.34639098,0.88417424
-11.478498,0.82905575,0.12523045,0.16312841,0.59746393,0.31821349,0.18107618,0.29446886,0.30553190,0.78932856E-1,0.32558774,0.91780821
-6.8462180,0.22518066,0.12838978,0.34941524,0.60119393,0.18159413E-1,0.22226254E-1,0.41144247,0.28738053,0.78138002E-2,0.31939327,0.85845893
-8.5787860,0.23534822,0.13995722,0.46100833,0.62792669,0.14002491E-1,0.22488688E-1,0.60306553,0.29115900,0.48770320E-1,0.37295111,0.87680709
-10.587088,0.27912845,0.15611695,0.39871494,0.71321328,0.15102352,0.95103060E-1,0.36447182,0.19970690,0.10496828,0.36088154,0.81985904
-7.8823312,0.11201733,0.17647920,0.41446764,0.58564125,0.15169750,0.16552933,0.25586361,0.20288309,0.24377140E-1,0.34878303,0.82554267
-8.6249791,0.33342251,0.19929753,0.42032977,0.68913867,0.16098386E-1,0.65956888E-1,0.35222541,0.32176498,0.42752303E-1,0.31047526,0.87203562
-9.0889169,0.24096243,0.15616875,0.31691331,0.58280039,0.24554204,0.26110323,0.51016745E-1,0.30538152,0.12491860E-1,0.30181890,0.91712325
-8.9143778,0.30248618,0.11971445,0.46123141,0.59457881,0.14734682,0.20661239,0.26054429,0.24484716,0.58524090E-1,0.32113867,0.91232482
-10.256052,0.15764366,0.14777644,0.66393321,0.58195485,0.26464659,0.19074167,0.23179220,0.11270143,0.83630644E-2,0.37647992,0.91641125
-6.6438184,0.70008427,0.13918694,0.27668239,0.65565730,0.21978575,0.20809140E-1,0.27331836,0.16311486,0.32894190E-1,0.33576344,0.86039452
-8.5358284,0.39211252,0.17966782,0.17521809,0.62792224,0.12234677,0.14461017E-1,0.47209050,0.37660302,0.78313663E-1,0.32620981,0.91475714
-7.4729076,0.68841802,0.18095375,0.30162789,0.56410874,0.52351222,0.11238156,0.18318933,0.14678283,0.49715947E-1,0.32968715,0.91740586
-18.302959,0.18110400,0.14556521,0.15784133,0.43710716,0.22223218,0.51247415E-1,0.20170877,0.43149171,0.12084040,0.29738371,0.83283539
-6.6974758,0.37307790,0.10661957,0.15830867,0.54563591,0.33559188,0.80872198E-1,0.22067094,0.32954460,0.18994954E-1,0.34098064,0.85127626
-12.017360,0.37650431,0.12552093,0.37171791,0.50321787,0.40235486,0.36123741,0.26628812,0.23841680,0.11442016,0.36776138,0.88602742
-7.1292807,0.19306977,0.16739499,0.41892881,0.59072282,0.25160913,0.12064649,0.35587331,0.17948787,0.46554485E-1,0.34818709,0.93195081
-6.5796531,0.36128634,0.18991064,0.49028523,0.73236427,0.14110897,0.81140189E-1,0.37809938,0.19253256,0.14220973E-1,0.35244165,0.90317508
-10.866694,0.29002302,0.17221623,0.43567437,0.72371768,0.16432043,0.76935450E-2,0.66593062,0.32997708,0.66207436E-1,0.35652254,0.90492690
-11.862652,0.10066402,0.11439599,0.45387008,0.47577963,0.16571129,0.34238267,0.17977708,0.29036302,0.38184664E-1,0.39228400,0.88967781
-8.4583500,0.30519407,0.14884016,0.35829332,0.62933599,0.85941649E-1,0.32246537,0.18463464,0.24298233,0.56165372E-1,0.34797253,0.90477012
-9.0521861,0.66924409,0.16214579,0.49651425,0.55072568,0.54412149,0.14236869,0.33264397,0.94972736E-1,0.95411289E-2,0.36694439,0.88287357
-8.8651127,0.30213710,0.16755221,0.42992654,0.67056583,0.29116036,0.11023693,0.23138074,0.12413586,0.89880442E-1,0.34309703,0.88297242
-8.3104784,0.13361498,0.12629216,0.45782433,0.59397344,0.72504728E-1,0.61834630E-1,0.49610854,0.47478635,0.27119900E-1,0.33478962,0.86931138
-9.9686687,0.37945500,0.14607072,0.46962950,0.42870603,0.70878138,0.13731689,0.24566462,0.11724055,0.84079584E-1,0.33731756,0.85019389
-5.7703101,0.33417383,0.17336483,0.44145137,0.67165740,0.22070997,0.98213323E-2,0.44276486,0.23848158,0.17317755E-1,0.36526704,0.86233203
-9.5765914,0.61876944,0.11303951,0.41609832,0.63010252,0.27512567,0.57569381E-1,0.26094312,0.19919472,0.75589483E-1,0.32652428,0.86304905
-12.597757,0.42141202E-2,0.19232762,0.52087668,0.48206114,0.47952528,0.37765408,0.56770846E-1,0.20624999,0.90202452E-2,0.34776138,0.88343071
-11.462703,0.24704248,0.22239504,0.62575441,0.67937607,0.40469252,0.14231088,0.41629811,0.63781211E-1,0.56317162E-1,0.34844560,0.94435035
-6.4740508,0.42874442,0.11166567,0.93977435E-1,0.58552689,0.30266447,0.16741651E-1,0.13445816,0.39494671,0.30618239E-2,0.29363978,0.89698957
-7.2614195,0.46419849,0.19943726,0.32700227,0.67569004,0.56690984E-1,0.33833705E-3,0.14860223,0.20791714,0.29718314E-1,0.30150016,0.94118086
-11.305108,0.57870731,0.20270033,0.44951068,0.60300862,0.17620599,0.21864277,0.26196058,0.21647741,0.90385972E-1,0.31974402,0.89568941
-11.122844,0.67419333,0.19660859,0.17027352,0.77458776,0.62927777E-1,0.13332407,0.25155609,0.29247749,0.81682566E-1,0.32431050,0.96151830
-11.940600,0.75954928,0.16981159,0.39045389E-1,0.70216883,0.32151068,0.12270622,0.45636130E-1,0.26776213,0.72913526E-1,0.30862403,0.86230271
-7.8232252,0.38332691,0.16052910,0.34643264,0.71467957,0.13219473,0.35797146E-1,0.28838027,0.35412171,0.37694379E-1,0.31923739,0.87416082
-8.6937429,0.22438647,0.14965602,0.62867386,0.57991538,0.31166885,0.14945112,0.33423473,0.15432595,0.41484906E-1,0.37484912,0.90342924
-7.6549383,0.47607885,0.18350213,0.31778247,0.63043569,0.31776362,0.21084723,0.24460918,0.26256759,0.15685434E-1,0.34879913,0.90519031
-6.3914903,0.26146131,0.17428711,0.50252859,0.55004642,0.42376119,0.13527774E-1,0.38570707,0.10750952,0.86685369E-1,0.34223622,0.89050382
-8.7373315,0.46630534,0.15467970,0.77779556E-1,0.65602981,0.92352779E-1,0.17212589,0.21812317,0.53462747,0.26529158E-1,0.31616167,0.89611588
-7.7532005,0.69661132,0.18999864,0.26978363,0.66016745,0.30979178,0.17046916,0.16665422,0.26068894,0.60208966E-2,0.33239760,0.88768481
-7.4623564,0.56170641,0.18057269,0.23518629,0.75240339,0.91338961E-1,0.44148988E-1,0.46134709,0.27269197,0.56334178E-1,0.34300493,0.90577834
-8.5611444,0.44836888,0.16881305,0.50957744,0.53580731,0.36511816,0.35459492E-1,0.10932562,0.20469439E-1,0.71239260E-1,0.28498577,0.94681743
-6.8315808,0.17737404,0.10215985,0.39217855,0.50282286,0.19473555,0.14049783,0.33207845,0.39324526,0.14687178E-1,0.34110175,0.86993446
-8.7643261,0.56629087,0.97683221E-1,0.83707085E-1,0.53412857,0.29049321,0.14637752,0.48812353E-2,0.39401969,0.75913961E-1,0.30661487,0.91818334
-8.4222383,0.70304823,0.18533617,0.31584431,0.58006754,0.69214088,0.37118490E-2,0.27315028,0.21920014E-2,0.53323897E-1,0.34179741,0.86663851
-6.9702699,0.14803819,0.14724784,0.46714880,0.54874359,0.30183271,0.14573410,0.18601742,0.16741044,0.54094616E-1,0.34844250,0.88584678
-10.477816,0.20157264,0.17877530,0.31078183,0.63417169,0.72051112E-1,0.87437714E-1,0.13120025,0.13798772,0.10611577,0.31322798,0.89765592
-9.7132613,0.15421850,0.98048501E-1,0.44615799,0.55009486,0.21642905,0.59307796E-2,0.29148298,0.37654275,0.80482991E-1,0.29738903,0.92735454
-10.042828,0.83394282,0.14418015,0.10497785,0.52597658,0.51337153,0.22111142,0.10383036,0.29223218,0.43287328E-1,0.32986576,0.84586663
-7.2432030,0.52756879,0.15713205,0.25931722,0.59907825,0.14660462,0.29630783,0.19419842,0.33898839,0.16825415E-1,0.36447394,0.88557978
-5.8418922,0.21014523,0.20313493,0.54596641,0.65214055,0.17659068,0.77059303E-1,0.39689835,0.47090121E-1,0.42524673E-1,0.34971874,0.85504844
-8.2718443,0.97363915E-1,0.13354763,0.50923068,0.55324123,0.27788540,0.11260152,0.38754957,0.27635113,0.22283747E-1,0.31013963,0.94320885
-7.4770291,0.56893161,0.20800882,0.36544135,0.74601600,0.59458154E-1,0.69232486E-1,0.27941997,0.19516375,0.83958545E-1,0.33101264,0.92230364
-10.063181,0.29281974,0.84058300E-1,0.19837085,0.47205482,0.17778274,0.98542955E-1,0.15033376,0.46734055,0.67442912E-1,0.30887906,0.89188251
-6.6641401,0.43028135,0.12819814,0.51042358,0.62672486,0.14574388,0.12795777E-1,0.27396493,0.21100435,0.21366665E-1,0.33368172,0.89907034
-7.5093004,0.54674385,0.19858397,0.32159672,0.58333159,0.46805344,0.37194581E-1,0.26616987,0.73944812E-1,0.12294926E-1,0.32596160,0.84754980
-8.0229387,0.24550011,0.15097598,0.49801163,0.61814107,0.70414159E-1,0.11238119,0.31767948,0.33757601,0.44565689E-1,0.31914896,0.86782682
-7.7691684,0.62655435,0.17969710,0.22695942,0.63663293,0.20510777E-1,0.92658735E-1,0.23382190,0.24109009,0.28453667E-1,0.29258993,0.92851855
-9.3472500,0.65106347,0.98507237E-1,0.29087129E-1,0.59082135,0.14599293,0.32672387,0.51474485E-1,0.45507935,0.76576918E-1,0.35175169,0.87533108
-9.8931936,0.43362181,0.19432380,0.48205162,0.64721991,0.15840865E-1,0.46056549E-1,0.46157627,0.14811464,0.14886712,0.35035254,0.82929969
-10.351765,0.62540144,0.13304678,0.16535571,0.66003486,0.17417760E-1,0.12510224,0.41041562,0.37317597,0.12785128,0.35077012,0.82678059
-7.3137090,0.34380780,0.12537255,0.68039611E-1,0.59843209,0.16394471,0.74974913E-1,0.18208976,0.45371450,0.56335775E-1,0.29447646,0.91262595
-10.667497,0.10660606E-1,0.20843127,0.60648885,0.72196659,0.52983394E-1,0.21762494,0.27237060,0.50016582E-2,0.38073934E-1,0.39163263,0.86334752
-10.033900,0.66566800,0.97166956E-1,0.20155842,0.53164457,0.57610177,0.20779550,0.86468788E-1,0.28828454,0.26862622E-1,0.34665723,0.82366312
-8.2707423,0.41305997,0.11729483,0.50017505,0.61653460,0.11833289,0.12540317,0.41247565,0.32846714,0.18572278E-1,0.36859761,0.82730115
-7.0048465,0.28912930,0.16829835,0.42916579,0.54913638,0.22308367,0.21514449,0.32222490,0.17345023,0.55682119E-1,0.34534479,0.89064478
-5.8928021,0.23648892,0.19661890,0.47944131,0.66925548,0.65261998E-2,0.13868001E-2,0.43156161,0.14340844,0.16991330E-1,0.32890405,0.85777685
-8.2190648,0.50540297,0.13732702,0.17628118,0.63331959,0.18987173,0.17158691,0.25184289,0.45394417,0.89355461E-1,0.34618416,0.87957519
-9.1483420,0.67986330E-1,0.13389532,0.54972496,0.45727096,0.26567048,0.28712858,0.25943942,0.18770983,0.22175612E-1,0.32988166,0.90545072
-10.664961,0.40459181,0.11738178,0.50047430E-1,0.57536552,0.98321091E-1,0.34776155,0.51483164E-1,0.57834968,0.17731525E-1,0.31720243,0.91947716
-8.9142233,0.95688882E-1,0.19739391,0.43580858,0.69878215,0.31015092,0.16876928E-1,0.46343934,0.12002440,0.40922459E-1,0.32697947,0.87942575
-10.455749,0.10684815,0.19316044,0.54256959,0.49024917,0.53699517,0.19186800,0.29123859,0.96376634E-1,0.90098449E-1,0.31425861,0.87238934
-9.0376543,0.52506822,0.13410000,0.52566359,0.67340026,0.17162971,0.78833590E-1,0.38687129,0.32711090,0.20865326E-1,0.36215142,0.85665692
-12.610391,0.54197737,0.95612981E-1,0.64725208,0.61410196,0.22490360,0.22297140,0.13732687,0.13822104,0.50429167E-1,0.34788871,0.86446591
-7.3422005,0.54434415,0.19056459,0.46380013,0.77834836,0.87129018E-1,0.88943625E-1,0.33995939,0.14792609,0.11010231E-1,0.35795949,0.86236798
-7.9654453,0.65138754,0.13590879,0.34131678,0.64720181,0.11706272,0.28738399,0.75336899E-1,0.23357453,0.25886272E-1,0.35571483,0.88193652
-8.4152266,0.58050957E-1,0.16769231,0.31160936,0.58347084,0.15335592E-2,0.18588805,0.44455135,0.38961376,0.54682471E-1,0.34559940,0.89639865
-13.850923,0.61243733,0.12233324,0.46107028,0.53305929,0.29489081,0.24975702,0.25341764,0.10658120,0.13532339,0.37829011,0.84371291
-6.1783030,0.53392701,0.17907865,0.25192038,0.68590850,0.20372944,0.62302483E-2,0.41434570,0.27134588,0.25372787E-1,0.35266034,0.86424219
-9.9216751,0.46563042,0.15686407,0.40120406,0.60486253,0.53720466,0.28079561E-1,0.21392398,0.17164500,0.70353102E-1,0.33583298,0.85353342
-8.4832201,0.30961009,0.19138195,0.53132373,0.65763061,0.27601706,0.55247236E-1,0.53512505,0.23413457,0.25367189E-1,0.35096050,0.88236644
-8.3567441,0.67046126,0.13642693,0.15067071,0.63151785,0.25786369,0.14153713,0.86000731E-1,0.10862229,0.41472331E-1,0.32231714,0.90105991
-11.527868,0.24831838,0.13315904,0.52518699,0.53528041,0.95425754E-2,0.11171157,0.23623814,0.17777660,0.79458290E-1,0.35670633,0.89920272
-7.7906524,0.53429907,0.97713571E-1,0.31809530,0.61362178,0.11767165,0.14982714,0.20185061,0.43339461,0.22998640E-1,0.34139226,0.85802372
-12.573886,0.68349594,0.74556127E-1,0.61328212E-1,0.57017709,0.57073639,0.41086575E-1,0.60213948E-1,0.40748281,0.34859707E-1,0.29872797,0.95068395
-5.4178833,0.41088815,0.12436018,0.83869409E-1,0.62086187,0.47836900E-1,0.11887908E-1,0.39608259,0.44275659,0.81005976E-2,0.32788809,0.86684589
-8.9733573,0.35895961,0.10894832,0.33288794,0.62789166,0.64249230E-1,0.51034239E-1,0.52363943,0.42878877,0.63363011E-1,0.33567525,0.91984969
-11.907918,0.50545956,0.24196157,0.51194825,0.71031681,0.38439423,0.18591032E-1,0.45241144,0.72118392E-1,0.55101191E-1,0.35156662,0.95822218
-10.652558,0.31934325,0.20277552,0.51827486,0.68108305,0.31189854,0.83132391E-1,0.51727389,0.28206532,0.73474401E-1,0.37187474,0.85257732
-6.4083070,0.39270669,0.88605193E-1,0.15863751,0.52268612,0.21401741,0.97957336E-1,0.99540157E-1,0.42281794,0.52978783E-2,0.30885031,0.90109368
-11.413348,0.45484205,0.16345707,0.57513764,0.61265442,0.47754087,0.21902027,0.40335571,0.17185087,0.63573567E-1,0.37377293,0.85959563
-7.7013023,0.59895030,0.17988443,0.26969468,0.60751291,0.32856478,0.10100047,0.27454663,0.10228275,0.89097457E-1,0.33913614,0.86339893
-8.0350648,0.11473805E-1,0.16630163,0.40461440,0.55426635,0.22427702,0.44819760E-2,0.14576559,0.18482004,0.57176698E-4,0.25472395,0.94750486
-8.9397457,0.55700822,0.18047455,0.33050968,0.59841197,0.17325873E-1,0.27119894,0.17103371,0.26861891,0.54797727E-1,0.33800927,0.86814057
-10.990490,0.58757442,0.27221955,0.51411584,0.71534178,0.11118991,0.33672125E-1,0.41192264,0.43362335E-1,0.44427695E-1,0.34389844,0.84756390
-10.765125,0.23198581,0.73594320E-1,0.22332774,0.55518263,0.28481061,0.12647321,0.37051885,0.46816519,0.78443006E-1,0.33014648,0.86444667
-7.5342237,0.55797787,0.95531780E-1,0.19517499,0.62579481,0.62670488E-1,0.29204565,0.18570450,0.42074559,0.19411252E-1,0.37767578,0.88681376
-10.773367,0.35583744,0.16225187,0.42042037,0.60430377,0.54178739,0.17497854,0.36756183,0.21054464,0.67010083E-1,0.34725569,0.86479049
-8.8324385,0.22859432,0.12021527,0.30797369,0.42227469,0.42516407,0.19205008,0.20224257,0.23057315,0.90146128E-2,0.31476129,0.93909430
-8.5701928,0.32113709,0.10490596,0.26507908,0.57844340,0.32609312,0.19582798,0.14396102,0.34436727,0.41530258E-1,0.35237302,0.87419860
-7.1520476,0.52264283,0.21706941,0.38062402,0.71141166,0.11531449,0.16785100,0.27652304,0.87380709E-1,0.47794344E-1,0.34731665,0.89301490
-9.5118219,0.62137934,0.12451061,0.18973725,0.48467552,0.57444180,0.14904560,0.27690384,0.21456221,0.72123177E-1,0.34742816,0.90504039
-7.8044422,0.28862187,0.12494414,0.86479825E-1,0.64786381,0.46160257E-1,0.19134646E-2,0.30659685,0.53915147,0.82184878E-1,0.30620842,0.88610535
-9.1045838,0.46725073,0.10059092,0.23881479,0.65940057,0.19077327,0.17206090,0.27296565,0.36654968,0.75462553E-1,0.35229819,0.84415302
-6.0712821,0.27860495,0.14603284,0.36695194,0.67176823,0.14291082,0.37964602E-1,0.25796140,0.26413759,0.23178967E-1,0.32534569,0.85935089
-8.7476012,0.57376414,0.74703975E-1,0.14854740,0.52601384,0.25691888,0.85256024E-1,0.40946810E-1,0.38605306,0.58548565E-3,0.30626534,0.85621330
-8.3440750,0.67862773,0.18264506,0.19971874,0.74088859,0.19278277,0.13353488,0.29246158,0.33220081,0.19634313E-1,0.35135563,0.91744209
-8.6769319,0.14824210,0.10271659,0.13720650,0.52418430,0.37286170,0.10887248E-1,0.37481222,0.41462119,0.74082267E-1,0.29561709,0.91123550
-8.8437518,0.72581565,0.17834989,0.23978180,0.66913651,0.54188464,0.20706087E-1,0.23316045,0.17219952,0.19743835E-1,0.30814539,0.88520127
-5.0630148,0.27588666,0.12819239,0.28607909,0.55741878,0.16224861,0.11052315,0.23343422,0.34571364,0.58629470E-2,0.30911294,0.92235193
-9.5038366,0.41804216,0.10718178,0.19263344,0.53603178,0.24709517,0.10743041,0.46283461,0.36140689,0.14726376E-1,0.34730811,0.89481085
-6.4039008,0.42247332,0.18932034,0.37448474,0.63810524,0.23091323,0.52582219E-1,0.31646753,0.14129324,0.79300784E-2,0.35604563,0.85164747
-7.8289642,0.17203951,0.13500445,0.31716945,0.49288996,0.36339004,0.57815266E-1,0.30946109,0.22566745,0.63511904E-1,0.32726687,0.85070100
-13.189205,0.15350224,0.81122777E-1,0.69155349,0.59168008,0.13196657,0.20553481,0.30813760,0.31976219,0.27665929E-1,0.34224859,0.91659619
-10.619634,0.81073200,0.20517384,0.40347616E-1,0.75238378,0.15480175E-1,0.14155028,0.29363419,0.27418496,0.47384877E-1,0.34589174,0.86955609
-9.1198289,0.33993270,0.18986624,0.52209931,0.48464498,0.47552924,0.80668034E-1,0.93622015E-1,0.74408628E-1,0.71056065E-1,0.30726536,0.89896484
-9.3619119,0.26614983,0.15814067,0.53118075,0.54400065,0.31146129,0.16227326,0.39248776,0.28474808,0.10483402,0.35725308,0.90498184
-8.1148905,0.55569594,0.12922275,0.34333710,0.66358962,0.12244429,0.44521911E-1,0.12520175,0.15920777,0.67978627E-1,0.32662277,0.88032954
-14.617904,0.49785619,0.27178133,0.42113885,0.63752105,0.44191256,0.60299598E-1,0.42086473,0.11196563,0.10395660,0.33300003,0.85290648
-9.9348853,0.33827635,0.13614228,0.35776170,0.70191119,0.41682652E-1,0.82043782E-1,0.45014468,0.33695693,0.15001911,0.33940400,0.90171290
-6.1641313,0.17987091,0.12600584,0.37155469,0.65403933,0.11412687,0.86964235E-1,0.35195308,0.26762046,0.12121049E-1,0.36436281,0.84563928
-8.9947255,0.72628285E-1,0.18484820,0.35654388,0.73886186,0.13047926E-1,0.29915540E-1,0.56113412,0.37374732,0.68736623E-1,0.33014021,0.88286082
-6.9518586,0.64496068,0.11602398,0.14446616,0.57528780,0.30360595,0.13779089,0.20970998,0.28499302,0.73793284E-1,0.33731439,0.88567944
-9.7217937,0.19864606,0.18812043,0.34151005,0.57759240,0.14868670,0.34408081E-1,0.48456743,0.36966953,0.49510947E-1,0.35054899,0.87481118
-7.7482172,0.42495446,0.16419565,0.48386383,0.47293821,0.71119355,0.13387984,0.16000149,0.59538129E-1,0.50572255E-1,0.31965041,0.88772449
-8.7291823,0.14790692,0.20266153,0.46388836,0.63371029,0.12817978,0.63306652E-1,0.26939184,0.19336076,0.33632965E-1,0.31095118,0.97104388
-12.582791,0.78716609E-1,0.49365744E-1,0.10781877,0.43055481,0.37143587,0.13017601,0.33506173,0.39311403,0.33146717E-4,0.34321567,0.82904530
-9.1733275,0.38467869,0.13608287,0.28369599,0.57574058,0.12497283,0.10386140,0.43052803,0.52931488,0.49217934E-1,0.32030137,0.94025605
-7.6479872,0.76769573,0.17436271,0.14945900,0.64729279,0.49221104,0.97331990E-2,0.14761938,0.11574449,0.33187614E-1,0.29691751,0.92988583
-9.5806504,0.38009174,0.13114672,0.51537377,0.70485524,0.70396681E-1,0.18660953,0.30081626,0.25055249,0.15408189E-1,0.38140418,0.90535659
-9.7017194,0.49838055,0.15156218,0.43793540,0.57918527,0.31057417,0.25252439,0.83645429E-1,0.17388339,0.52453646E-1,0.33898687,0.94836966
-9.0914972,0.30961033,0.17823790,0.43945785,0.58078371,0.36069227E-1,0.19211481,0.34751342,0.26048778,0.35587063E-1,0.38550394,0.82653249
-8.0453519,0.58487404,0.15716924,0.16441441,0.49056794,0.66959828,0.10506999,0.84915726E-1,0.16882488,0.30707177E-1,0.30462023,0.90449188
-6.1796391,0.31209869,0.15488667,0.22419722,0.62458283,0.12794042,0.68435849E-1,0.19850729,0.32270196,0.39455880E-1,0.31075551,0.93352158
-8.7739789,0.15846143,0.18526987,0.48390296,0.63106176,0.26934471E-3,0.12110957,0.30265538,0.19880089,0.10700273,0.36404331,0.88642083
-10.045136,0.71599636,0.12549371,0.12959157,0.62739750,0.17317024,0.28972345,0.24090869,0.51322519,0.33941923E-1,0.34630274,0.87786072
-7.3804579,0.11577617,0.19942841,0.60557110,0.57510966,0.33212276,0.48626953E-1,0.41557292,0.12716486,0.46791196E-3,0.35474058,0.89072627
-6.6087918,0.56868606,0.11627842,0.21598770,0.70813201,0.47024995E-1,0.98149128E-1,0.35629684,0.44171224,0.43477464E-1,0.34312227,0.89931285
-10.095443,0.41810486,0.11257219,0.17898804,0.51241579,0.45323324,0.45171846E-1,0.27254893,0.34821912,0.63261478E-1,0.28461971,0.97960651
-7.0273520,0.29919163,0.10241527,0.36081059,0.62978064,0.84141597E-1,0.93252827E-1,0.37565860,0.41736829,0.51697610E-1,0.33600608,0.87387526
