SampleLogFunc,Substrate Roughness,Oxide thick,Oxide Hydration,Lipid APM,Head Hydration,Bilayer Hydration,Bilayer Roughness,Water Thickness,Backs par D2O,Backs par SMW,Backs par H2O,Scalefactor 1,SLD D2O,SLD SMW,SLD H2O
-11.552014,0.19965976,0.80314745E-1,0.36167329,0.40837398,0.60531672,0.20421598,0.19617955,0.32806885,0.26664643E-1,0.19909495,0.10289575,0.32111189,0.90263230,0.36257857,0.18937024
-11.495764,0.27500073,0.97906318E-1,0.46798669,0.37369305,0.54647540,0.25855828,0.18467164,0.32872224,0.34828069E-1,0.16887703,0.14076124,0.33142622,0.90270750,0.35722502,0.15771622
-10.408505,0.78937764E-1,0.10316818,0.35290447,0.54806871,0.40096072,0.57029381E-1,0.38877750,0.42342013,0.55676715E-1,0.12018133,0.97832811E-1,0.32182887,0.94025625,0.38844052,0.14073668
-8.8163886,0.70774789E-1,0.10201987,0.37378748,0.50691401,0.36765972,0.13371283,0.40222790,0.40366151,0.42587514E-1,0.11608426,0.13905849,0.34127323,0.92173384,0.40180160,0.95052654E-1
-10.497354,0.14081975,0.11663665,0.41347367,0.49800116,0.44986756,0.20641161,0.30495443,0.38911167,0.56858035E-1,0.89339852E-1,0.51473586E-1,0.33944533,0.92723423,0.35797719,0.15451266
-10.022801,0.74056070E-1,0.15752993,0.32158865,0.51460484,0.57914202,0.10044160E-1,0.37152597,0.26496411,0.43931646E-1,0.13581710,0.10285989,0.30576766,0.95134443,0.48533215,0.21394520
-10.507339,0.23003525,0.17093575,0.49872333,0.51735990,0.29902182,0.14025052,0.37218906,0.30417700,0.40995918E-1,0.99921269E-1,0.52239035E-1,0.35237340,0.94592756,0.48639216,0.15745271
-12.476634,0.22289201,0.15665213,0.48369865,0.55263604,0.45504430,0.61262230E-1,0.32683707,0.29510862,0.23614302E-1,0.17010758,0.40671418E-1,0.28258781,0.97394253,0.56047469,0.36389381
-8.4888524,0.17449360,0.15675007,0.43298844,0.53315728,0.40266793,0.44586451E-1,0.36737249,0.31830070,0.50266954E-1,0.12210384,0.11149336,0.34135777,0.93877883,0.41449158,0.13312362
-12.412702,0.24563757,0.19861753,0.45149141,0.46046577,0.49082704,0.28804396,0.23599359,0.26606763,0.39351374E-1,0.97514004E-1,0.43723345E-1,0.35483948,0.93382851,0.36100824,0.12173892
-11.758762,0.99232564E-1,0.13227277,0.44586940,0.37931629,0.79671235,0.21927274,0.20492707,0.24285434,0.74195991E-1,0.77669147E-1,0.12131404,0.32409652,0.90698936,0.44074924,0.32944486
-15.265834,0.13953381,0.77998999E-1,0.55699902,0.47882137,0.23274297,0.14530294,0.43045050,0.30770083,0.12430549,0.77003305E-1,0.47188720E-1,0.34988360,0.92908685,0.51662872,0.30373278
-10.919940,0.83836821E-1,0.17781394,0.38795594,0.49806950,0.44092553,0.23151235,0.32049611,0.30416725,0.27410713E-1,0.12437237,0.29999139E-1,0.34404002,0.94696522,0.39161010,0.11083093
-14.307209,0.28141730,0.12379248,0.54909682,0.39772370,0.77316500,0.89738250E-1,0.28526133,0.22526798,0.15192142E-1,0.95932050E-1,0.24705126,0.29229920,0.90560330,0.61672546,0.48844599
-9.2554685,0.20686413,0.12342261,0.45999224,0.47351547,0.37589952,0.21521765,0.36531993,0.38223318,0.19317807E-1,0.40281473E-1,0.63841606E-1,0.34190885,0.92114261,0.57175921,0.23693628
-10.240263,0.34628937,0.16581177,0.52796148,0.51033725,0.58954723,0.44152870E-1,0.44077084,0.12586547,0.17171409E-2,0.66534131E-1,0.17088132,0.38587501,0.85473734,0.49069142,0.38168497
-8.9349341,0.45015554,0.17442002,0.43058723,0.63802722,0.36348210,0.60694822E-1,0.29134090,0.16217651,0.84634263E-1,0.73842998E-1,0.74588820E-1,0.34467867,0.90545019,0.58771725,0.21534928
-7.9034125,0.36121583,0.16061447,0.39502560,0.44412324,0.61892112,0.69886346E-1,0.25453234,0.15191178,0.79704414E-1,0.11097377,0.67644714E-1,0.28532035,0.93287611,0.42622747,0.79756708E-1
-11.627928,0.69738282E-1,0.18208017,0.63921131,0.75720582,0.20635109,0.44653653E-1,0.54699534,0.26893314,0.74979608E-1,0.30721382E-1,0.60366971E-1,0.36679739,0.90450118,0.47385243,0.19981984
-10.288869,0.64807068,0.20537109,0.29954039,0.44493533,0.66229905,0.84010809E-1,0.13614635,0.11842706,0.83372016E-2,0.15840126,0.62038177E-1,0.27943499,0.94465750,0.43634664,0.39719929
-10.278264,0.49252682,0.82443768E-1,0.36623329,0.47661687,0.39084728,0.25095341,0.19623281,0.32228596,0.33901662E-1,0.11713648,0.16751379,0.34888998,0.92568543,0.44608097,0.48539551
-12.975000,0.52281552,0.18497317,0.52992659,0.54185233,0.68694917,0.38961207,0.13364768,0.64992872E-1,0.11804518E-1,0.14302714E-1,0.68438054E-1,0.38746875,0.81808409,0.38486470,0.45779282
-11.419248,0.54904860,0.67001968E-1,0.48289602,0.56395090,0.34444442,0.18767762,0.22569013,0.32589234,0.68089929E-1,0.47574335E-1,0.54350607E-1,0.35381201,0.87098058,0.46699051,0.27527660
-11.279634,0.19245943,0.18909995,0.59257396,0.39238706,0.54586863,0.14101583,0.44583966,0.83724612E-1,0.56599766E-1,0.11895341,0.84685585E-1,0.35107695,0.88670262,0.31419586,0.25633528
-8.7629801,0.43775079,0.10279797,0.40852903,0.55789544,0.12236583,0.56152881E-1,0.35933912,0.43408858,0.63834625E-1,0.13514754,0.20325269,0.34026164,0.89196074,0.50368761,0.12387587
-12.105906,0.56928046,0.11807875,0.35555659,0.37875347,0.63083867,0.22145294,0.26940094,0.22049312,0.28088199E-1,0.16462575,0.10144868,0.36786242,0.84178972,0.33338466,0.68192436
-7.2496316,0.35946883,0.17010672,0.39995106,0.48951618,0.55949595,0.71998920E-1,0.25804520,0.13970315,0.85804292E-1,0.10921876,0.14886652,0.31321060,0.92473084,0.41877066,0.36124243
-11.074087,0.75145472,0.15648131,0.17436230,0.68339157,0.18043158,0.87516326E-3,0.46512551,0.45604822,0.41542864E-1,0.20094463,0.12319563,0.37547360,0.91335810,0.42883479,0.27034033
-15.280264,0.21960049,0.11601148,0.60001321,0.33808455,0.64940186,0.58353694E-1,0.10665153,0.15428117,0.37453356E-1,0.18601678,0.14715580,0.32402028,0.90495815,0.45146741,0.51944467E-1
-10.438339,0.12955363,0.18801588,0.55209458,0.56198491,0.47937983,0.15615677E-1,0.33180599,0.53995893E-1,0.37314917E-1,0.11967120,0.44098207E-1,0.35158557,0.80840157,0.28689179,0.30044380
-7.5609770,0.59714552,0.15075689,0.33921462,0.68894205,0.74369035E-1,0.21202696,0.13886258,0.19854998,0.36954838E-1,0.55792059E-1,0.12748558,0.35131555,0.86028442,0.54315407,0.41516862
-6.7050895,0.25905270,0.12776831,0.22408719,0.59179502,0.11857517E-1,0.10864809,0.46544334,0.55194137,0.10408560E-1,0.14173839,0.11017128,0.36270643,0.87649654,0.39033369,0.13287762
-10.755986,0.67095349,0.15008124,0.36181660,0.62919721,0.14258610,0.32691435,0.14348799,0.24237416,0.57687517E-2,0.22956400E-1,0.31871048E-1,0.41224339,0.79759370,0.38892497,0.16024244
-6.0315011,0.33186608,0.14527261,0.42264701,0.57301153,0.22419702,0.11867961E-1,0.47548556,0.34492775,0.46403524E-1,0.14651445,0.84809954E-1,0.35775654,0.85412459,0.42375551,0.33545739
-7.6489281,0.76910014E-1,0.16372810,0.67521265,0.53624036,0.40716865,0.10643503,0.43387784,0.15555300,0.27647972E-1,0.79509987E-1,0.28892934E-1,0.38188831,0.82412587,0.41592249,0.36629754
-8.6056914,0.75525231,0.12750014,0.21097029,0.67640978,0.22577925,0.12121755,0.20194149,0.42090191,0.17162549E-1,0.80736174E-1,0.63320292E-1,0.35290833,0.91507100,0.43803581,0.47191404
-6.3454806,0.19741242,0.17147541,0.46687553,0.61037378,0.19615830,0.11982778,0.29407986,0.20504652,0.46915919E-1,0.14164460,0.47950748E-1,0.34355962,0.89688085,0.42393608,0.14337320
-8.9609008,0.49023015,0.16881861,0.36819198,0.56775204,0.44193888,0.74939807E-1,0.19281816,0.30928900,0.24674148E-1,0.57902598E-1,0.13079751,0.33381280,0.86693605,0.49676359,0.58405807
-8.3252892,0.61208656,0.15060693,0.16577463,0.68390946,0.29852392,0.73300406E-2,0.38570768,0.31376018,0.10065201,0.52922817E-1,0.54777436E-1,0.30394699,0.93634781,0.54254155,0.21193808
-11.714646,0.19036904,0.17061236,0.23511502,0.60064244,0.50670780,0.39379382E-1,0.32028324,0.23910461,0.23065673E-1,0.60142176E-1,0.57960820E-1,0.33095294,0.93288512,0.43031709,0.14139700
-7.2166874,0.96823036E-1,0.17066491,0.55712665,0.51586612,0.30942418,0.10731678,0.35245230,0.89589359E-1,0.11207183,0.48544060E-1,0.68576677E-1,0.34229757,0.86449065,0.49678767,0.51014273
-10.474034,0.77151669,0.13314714,0.30071072,0.58760472,0.48247509,0.12438792,0.92246439E-1,0.12692682,0.20446301E-1,0.65126729E-1,0.20805166E-2,0.38444077,0.85161441,0.45898212,0.41737268
-7.7369854,0.59025568,0.14447225,0.21470338,0.58022094,0.41400079,0.12447894,0.23216081,0.25979039,0.54355861E-1,0.36280968E-1,0.11952108,0.31126790,0.87584972,0.48236966,0.69246781
-7.2242110,0.41228416,0.14310576,0.52987743,0.50736317,0.35565626,0.67452963E-1,0.24348144,0.15153919,0.56148592E-1,0.67623094E-1,0.12416627E-1,0.33256538,0.87100264,0.35086434,0.80219008
-9.7192079,0.42908971,0.16465376,0.30966596,0.56085304,0.53844698,0.30053340E-1,0.45642439,0.14816915,0.12282316,0.64293853E-2,0.71208578E-1,0.34679012,0.88182349,0.52653295,0.24443881
-9.3117611,0.45034493,0.90605673E-1,0.39886385,0.55511520,0.39461659,0.10749090,0.41242922,0.38375336,0.32341913E-1,0.16301042E-1,0.84106042E-1,0.40131994,0.84710564,0.43440167,0.54050580
-12.390880,0.10500003,0.15203115,0.32827677,0.74163904,0.90162307E-1,0.35558856E-1,0.56633263,0.30134285,0.84795656E-1,0.37039747E-1,0.11452566,0.34844619,0.89186561,0.49513106,0.71821079
-9.2402652,0.50734288,0.19016558,0.53421929,0.64938883,0.20028660E-1,0.19519420,0.16481990,0.16011641,0.40757917E-1,0.10135110,0.60927217E-1,0.33026474,0.88722362,0.56675624,0.53585773
-6.4471988,0.49626629,0.12879120,0.19507521,0.57586464,0.91058859E-1,0.49894834E-1,0.15890420,0.30328442,0.27230786E-1,0.81127077E-1,0.60868740E-1,0.32704661,0.90671211,0.44020956,0.58918692
-9.0256614,0.68948526,0.13188550,0.10248390,0.53837945,0.41242952,0.14847628,0.11288071,0.30656824,0.37223927E-1,0.14094852,0.14684679E-1,0.34507007,0.90437608,0.49906641,0.26390633
-5.0829377,0.51516528,0.10640877,0.28070960,0.59294267,0.21693293,0.86903471E-1,0.27351162,0.33466813,0.20521272E-2,0.53931546E-1,0.29272697E-1,0.34010546,0.89870766,0.44638018,0.47000286
-10.535278,0.57179557,0.11316432,0.15551170,0.60999052,0.15796757,0.70934749E-1,0.89951037E-1,0.23198026,0.48225814E-1,0.43145027E-1,0.42966271E-1,0.32543481,0.94029205,0.36081565,0.25222319
-7.4814842,0.36941485,0.95217088E-1,0.31530914,0.58939157,0.18850359,0.13743311,0.28511322,0.43238721,0.51365528E-1,0.10632881,0.10974703,0.34824483,0.90457210,0.45573449,0.70546358
-9.5818863,0.33974466,0.17937495,0.38383622,0.55732139,0.33834319,0.86736032E-1,0.80686933E-1,0.12333499,0.12729932,0.70591463E-1,0.80728703E-2,0.30546978,0.88256774,0.36667587,0.31686411
-7.1688815,0.64451653,0.15646133,0.26028343,0.59800388,0.46726571,0.18329923E-1,0.33219068,0.81999150E-1,0.41958521E-1,0.47212520E-1,0.11210114E-1,0.34766869,0.84168742,0.43969882,0.21131602
-9.4929503,0.48163864,0.17866367,0.47898914,0.48496694,0.58076694,0.27111771,0.23638105,0.12314815,0.89449543E-1,0.96695307E-1,0.13633405,0.33708561,0.90367384,0.49263360,0.48535472
-12.228402,0.51077841,0.16549589,0.44338118,0.62175342,0.45911752,0.62806147E-1,0.47843223,0.37540549,0.14781561,0.35259976E-1,0.12447582,0.34704819,0.87661607,0.51832771,0.72563726
-9.5482670,0.87292125,0.12000591,0.69130153E-1,0.62288435,0.55771178,0.39192915E-1,0.40993502,0.36682988,0.66107430E-1,0.33092861E-1,0.16949928,0.34523593,0.88449626,0.63785034,0.97499340
-9.0754169,0.81909667,0.12774131,0.12707816E-1,0.57126763,0.70340186,0.13528141,0.25346215,0.27731724,0.45697443E-1,0.10139977E-1,0.17692276,0.35554237,0.88393829,0.41170947,0.56767751
-8.2778010,0.11163477,0.18825287,0.61078634,0.56104760,0.26430475,0.10870242,0.35967789,0.21004633,0.39782521E-1,0.28678795E-1,0.19996264,0.31995147,0.92333703,0.46606262,0.51693880
-6.2615064,0.19123257,0.10877536,0.25483750,0.53413235,0.86307528E-1,0.55832206E-1,0.32218019,0.49606059,0.37703748E-1,0.59949880E-2,0.81729639E-1,0.34081501,0.85434840,0.47522783,0.26439775
-6.3559322,0.44942415,0.14730851,0.34436681,0.60685979,0.43691739,0.97415673E-2,0.41515865,0.29861402,0.49446129E-1,0.72283518E-1,0.78197264E-1,0.32272854,0.90245304,0.54502107,0.26686658
-12.681411,0.47176020,0.23757553,0.46513672,0.60061636,0.23235966,0.20822766,0.38695853,0.15986347,0.89337752E-1,0.19414731E-1,0.12705039,0.38051175,0.84813902,0.25824226,0.26681095
-11.913774,0.54929134,0.11294411,0.14453198,0.58675039,0.30088182,0.20799538,0.19237379,0.27619389,0.49237628E-1,0.68804160E-1,0.11957532,0.37688191,0.87881437,0.59671249,0.24278852
-6.8620969,0.56286490,0.10903727,0.23137725,0.59731918,0.18576090,0.21600029,0.23431042,0.37409134,0.19214463E-1,0.31360941E-2,0.72284794E-1,0.35641920,0.85252808,0.38870539,0.23491401
-10.728185,0.46150291,0.15776059,0.11173165,0.61247323,0.11877095,0.24377774,0.29956487,0.53793286,0.38858001E-1,0.11344806,0.39896298E-1,0.38007062,0.87430343,0.40982437,0.16452608
-11.547439,0.16567048,0.13924550,0.36504487,0.53057924,0.36540486,0.25431487,0.82978115E-1,0.17447183,0.58494353E-1,0.70667491E-1,0.14469704,0.33377640,0.85059446,0.43700339,0.21651354
-7.7505904,0.86334423E-1,0.13271092,0.57111005,0.52028887,0.24330692,0.26234556E-1,0.28043020,0.17214678,0.29241146E-2,0.25837826E-1,0.20319453,0.30367376,0.93434583,0.48527775,0.73036133
-12.899750,0.38042782,0.12316814,0.38726996,0.28413259,0.81845491,0.69821321E-1,0.14206691,0.18444939,0.75733440E-3,0.77656182E-1,0.12498193,0.31437637,0.86931614,0.23334280,0.40799322
-10.653794,0.35173178,0.19716165,0.41921756,0.49217141,0.50723381,0.12440242E-1,0.22258244,0.25030023,0.56896354E-1,0.32906101E-1,0.80333711E-1,0.32941202,0.83658169,0.28050755,0.27073823
-8.1858210,0.14276163,0.12538274,0.32797982,0.48451931,0.36802613,0.13425189,0.30689834,0.17640734,0.32349172E-1,0.33099013E-1,0.55862045E-1,0.32228470,0.90125513,0.42775279,0.10477272
-10.978750,0.40139912,0.17837118,0.60577532,0.49245058,0.44469606,0.57717529E-1,0.22152042,0.65808955E-1,0.59715819E-1,0.32509088E-1,0.24828447,0.31320625,0.96073795,0.44328434,0.33221183
-9.5233841,0.66318125,0.13402720,0.26045042,0.64258742,0.10604141,0.30760530,0.18776075,0.38312451,0.19009273E-3,0.35081509E-1,0.13754316,0.38202875,0.81032308,0.44923371,0.93704929
-12.822190,0.56393104,0.74604847E-1,0.14955350,0.40421498,0.52798018,0.24793045E-1,0.27928056,0.44377997,0.78732645E-1,0.10527355,0.98021848E-1,0.30808298,0.94293137,0.44603997,0.98609777
-10.382771,0.86448382,0.10443202,0.78535186E-1,0.63405830,0.26909247,0.19036963,0.30790598,0.41852286,0.66854805E-1,0.40520779E-1,0.16573241,0.38303576,0.85314021,0.35599389,0.79497368
-7.6757350,0.30206899,0.19854951,0.48273188,0.61248588,0.22139860,0.16384481,0.37253877,0.73046414E-1,0.82669576E-1,0.70373462E-1,0.47696931E-1,0.34125374,0.89484244,0.50691582,0.63742508
-6.3454872,0.13038811,0.16604889,0.61217282,0.51073967,0.39653304,0.11187200,0.39169056,0.10578339,0.50631036E-1,0.35603584E-1,0.19495336E-1,0.36679417,0.84201223,0.49019812,0.39190938
-13.415595,0.94055796,0.13620174,0.15825250,0.78262159,0.10869008,0.77743276E-2,0.55996094,0.51893436,0.99212071E-1,0.12149498,0.20423250,0.38180265,0.82063326,0.45133739,0.62754759
-8.0388222,0.23964792,0.13774430,0.54874769,0.56285096,0.37494400,0.36852489E-1,0.50812874,0.19449497,0.90910237E-1,0.88114729E-1,0.91624414E-1,0.35030710,0.87744935,0.46460525,0.71635124
-11.331478,0.62194594,0.98279129E-1,0.13897609,0.43705141,0.65092884,0.14468940,0.21813475,0.26314341,0.54880893E-1,0.12883121,0.26149865E-1,0.34508748,0.87011886,0.52859413,0.98079513
-9.2940758,0.31127649,0.19674005,0.38499353,0.75208366,0.32571194E-1,0.27732508E-3,0.45738131,0.34570469,0.79902710E-1,0.71609524E-1,0.19446023,0.33538726,0.90320612,0.31756394,0.47835547
-6.9668100,0.39496128,0.17113464,0.55618882,0.62512466,0.27361950,0.97045613E-1,0.39735084,0.49313682E-1,0.60907233E-1,0.54960767E-1,0.12082543,0.35280613,0.87506079,0.51894810,0.15296806E-1
-13.039291,0.65082519,0.15935987,0.23429994,0.58337173,0.44185715,0.69155715E-1,0.24097221,0.35667331,0.82518143E-1,0.13424442E-1,0.31329348,0.33575748,0.83078590,0.45187898,0.56300843
-7.9461065,0.42357052,0.16051582,0.44981245,0.48382425,0.53032159,0.81465752E-1,0.16916419,0.12726568,0.45095996E-1,0.16193777,0.13810472,0.29080804,0.93062402,0.41265611,0.23402399
-14.082595,0.30181131,0.10622343,0.63046407,0.58688244,0.25698543,0.10857069,0.31120371,0.13359665,0.32204100E-2,0.18907282E-1,0.31681569,0.35988235,0.88757262,0.59342073,0.67969147
-6.3192368,0.60775731,0.18445577,0.37065600,0.54295679,0.55651714,0.56901051E-1,0.21825409,0.10792894,0.65482735E-2,0.64972563E-1,0.16720868,0.31183098,0.88268650,0.48553599,0.55356184
-6.5537519,0.71167115,0.17125675,0.17423044,0.78531663,0.80120486E-1,0.86343245E-3,0.46293035,0.30166867,0.60510041E-1,0.39142143E-1,0.78964735E-1,0.36026620,0.86230868,0.49458137,0.29894160
-12.120656,0.20495700,0.18182380,0.69284466,0.55230451,0.16199892,0.13280796,0.54730697,0.13583893,0.79049341E-1,0.44208941E-1,0.26410673,0.37218813,0.87695436,0.48071170,0.57345229
-8.8732573,0.45910619,0.13182354,0.21234850,0.57696059,0.16462255,0.25689119,0.23742974,0.46361929,0.22785380E-1,0.18890472E-1,0.11119738,0.32792390,0.93222643,0.38475361,0.50577081
-6.8257489,0.54645582,0.10749168,0.10965211,0.51514447,0.44228499,0.29531136E-1,0.34139270,0.40044039,0.63792916E-1,0.67320902E-1,0.95635514E-1,0.30930097,0.93586768,0.46207923,0.44480885
-8.9128945,0.33040489,0.18753458,0.45028406,0.52919441,0.58426423,0.17723439,0.20320444,0.20129333,0.42752436E-1,0.99493338E-1,0.11246389,0.32511645,0.90713573,0.46867288,0.70876054E-1
-8.4207616,0.70419828,0.22672401,0.35027261,0.66984957,0.45114299,0.38069774E-1,0.38440135,0.45315047E-1,0.74033945E-1,0.36813178E-1,0.10518744,0.38036583,0.83231762,0.36404983,0.75980270
-10.667972,0.84253675,0.16157159,0.17149904,0.47770649,0.95086601,0.72120548E-1,0.13453784,0.16246815,0.34746742E-1,0.99236807E-1,0.22683817,0.29465775,0.94668140,0.54059336,0.24195484
-13.612720,0.70498777,0.13216954,0.58765403E-1,0.77261380,0.26734563,0.10039493,0.27271757,0.38517071,0.85220456E-1,0.11416649,0.37188493E-1,0.31237473,0.89846526,0.59223527,0.85265207
-9.0395430,0.38853432,0.62926457E-1,0.49699007E-2,0.58844358,0.65516935E-1,0.76797868E-1,0.43202931,0.59718952,0.55139708E-1,0.66498914E-2,0.16967917,0.34246140,0.85615236,0.42724623,0.78202300
-7.0348322,0.60637434,0.19211138,0.33230257,0.62892332,0.37363721,0.22147263E-1,0.27862879,0.22976628,0.78449924E-1,0.49964762E-1,0.19360506,0.32999799,0.88207250,0.42662942,0.24185092
-9.8136161,0.71638643,0.17252733,0.29134422,0.54043571,0.71698600,0.10386534,0.21344956,0.23830382,0.17445469E-1,0.64626700E-1,0.15680830,0.34347251,0.84567785,0.48028108,0.83260680
-9.2051670,0.51978897,0.12055733,0.27440104,0.60266255,0.19146532,0.15116002,0.41350025,0.51098636,0.64957823E-2,0.16949906,0.13212681,0.38052103,0.83117205,0.49942888,0.47198499
-7.5909231,0.53364278,0.16149788,0.53160404,0.64305723,0.41858539,0.10463610,0.26242804,0.32626625E-1,0.27426230E-1,0.85700555E-1,0.12400510,0.35940563,0.84306856,0.55446719,0.64464399
-13.995748,0.15015609,0.58783677E-1,0.40570017,0.45815029,0.20199873,0.30340085,0.25809663,0.52746808,0.28833588E-1,0.11548394,0.64999491E-1,0.33385221,0.87264764,0.55043105,0.81180182
-7.5775891,0.24096835,0.65882795E-1,0.17411212,0.52584398,0.19457174,0.10187538,0.32659994,0.51838683,0.15275328E-1,0.60874915E-1,0.62514668E-1,0.35654389,0.88759910,0.35364989,0.50311220
-6.3417828,0.35771812,0.15743369,0.33399824,0.58253824,0.29232706,0.11092215E-1,0.25949947,0.33175940,0.61334153E-1,0.10181914,0.89266483E-1,0.32819478,0.89285518,0.38950395,0.45437099
-6.4665070,0.59547902,0.11589983,0.13179594,0.53616190,0.39429742,0.18187866,0.18595197,0.31142222,0.38843182E-1,0.22754761E-1,0.74708403E-1,0.35409138,0.84921966,0.50088041,0.68734163
-6.9346612,0.54116251,0.15938296,0.32964601,0.62343710,0.30519488,0.74984372E-1,0.45689829,0.29068258,0.11698118E-2,0.90871357E-1,0.55723798E-1,0.38290226,0.87235378,0.43081214,0.35620084
-10.102557,0.40112566,0.18742634,0.61192109,0.59961245,0.47893121,0.14080322,0.37723211,0.15909868,0.49054851E-1,0.33810022E-2,0.20572610,0.35826145,0.88060575,0.37571377,0.51550547
-7.1480716,0.59527019,0.15001921,0.21120375,0.54137912,0.35372257,0.60044081E-1,0.31143841,0.34224429,0.58943767E-1,0.71404333E-1,0.21533354E-1,0.34879966,0.82786127,0.42721380,0.89063873E-1
-5.2490072,0.63730732,0.14292260,0.11527368,0.63619636,0.23306823,0.48053666E-1,0.22366537,0.35250088,0.12532114E-1,0.33444135E-1,0.12144567,0.33248116,0.85822661,0.51019875,0.90683615E-1
-7.8763815,0.53351582,0.15773466,0.32602486,0.55350326,0.33390299,0.15677722,0.32903050,0.33596157,0.71886439E-1,0.26290503E-1,0.51502739E-1,0.34517943,0.92640988,0.48482722,0.84344888
-6.6858396,0.19431053E-1,0.13669923,0.61302975,0.49091649,0.32657069,0.18631547,0.31917747,0.14240500,0.12444150E-1,0.22276224E-1,0.55581698E-1,0.37938579,0.87992453,0.39509429,0.23950048
-9.0057199,0.62350035,0.21279156,0.40640943,0.55567303,0.61077096,0.12168409E-1,0.42727552,0.73610659E-1,0.67181309E-1,0.10886490,0.12035597,0.32115784,0.88069013,0.36223676,0.50758246
-6.4680400,0.40307496,0.11484495,0.18159791,0.47469850,0.31635293,0.14075702,0.17319350,0.32483132,0.14316568E-1,0.78648803E-1,0.90242253E-1,0.34304851,0.89272415,0.35051007,0.18566479
-8.8449511,0.49340363,0.10165268,0.15792817,0.64692086,0.10832161,0.11050063E-1,0.42540729,0.64440771,0.32111059E-1,0.58839486E-1,0.19327052,0.33239675,0.89689582,0.36609788,0.35876263E-1
-6.9252590,0.53928182,0.14455130,0.25681770,0.57113495,0.25640901,0.94945903E-1,0.24703402,0.20799095,0.54116219E-1,0.25737661E-1,0.96222049E-1,0.31917091,0.88783976,0.58885117,0.42553157
-14.118590,0.52453846,0.15112101,0.45659184,0.46449730,0.73516740,0.24908450,0.28038677,0.13817967,0.51818718E-1,0.22558424,0.19435169,0.36397587,0.82458820,0.43919130,0.43503981
-9.2701634,0.12771335,0.12146186,0.37850086,0.48068413,0.25930617,0.18829507,0.31428318,0.44625002,0.37748378E-1,0.12612420,0.91796339E-2,0.35599906,0.86430837,0.43285423,0.76521068
-12.983119,0.41140482,0.19646987,0.33453733,0.60137254,0.10395186,0.48305597E-1,0.35791244,0.85678392E-1,0.10685094,0.14360829,0.12526593,0.33237094,0.83875924,0.48952544,0.20163457
-9.9967468,0.47668595,0.14641203,0.44063870,0.52018640,0.69752055,0.10358586E-1,0.44776377,0.24539416,0.11344523,0.74256531E-1,0.90031924E-1,0.36522022,0.86560594,0.39136470,0.43484649
-9.5192143,0.37289773,0.15777376,0.58353518,0.62119819,0.98668960E-1,0.34904872E-1,0.35819661,0.30764654,0.53527871E-1,0.96306982E-1,0.14792831,0.35624631,0.90963659,0.48812269,0.47725097
-6.5897236,0.71780643,0.16188841,0.91096139E-1,0.74403054,0.12079260,0.73564151E-1,0.33925466,0.38764647,0.58744838E-1,0.23032517E-1,0.10838610,0.33868802,0.88571592,0.57080087,0.96275359
-7.3375831,0.49859213,0.17509764,0.41335738,0.52332889,0.53702683,0.10291351,0.30731058,0.23012226,0.36620067E-1,0.74658754E-1,0.12687790,0.31813708,0.90550391,0.50610662,0.64316329
-10.186479,0.73602019,0.15261553,0.28269239,0.71083777,0.96422011E-1,0.18836961E-1,0.22297121,0.20919047,0.12020639E-1,0.22125143,0.15595334,0.33174493,0.88193290,0.45117059,0.74824883
-7.7271924,0.53796849,0.17792216,0.43965079,0.54316498,0.35401422,0.23000889E-1,0.42594667,0.20138840,0.11029213E-2,0.37647087E-1,0.13817437,0.35184394,0.83672619,0.46323034,0.26954720
-14.324536,0.56378213,0.29257045E-1,0.10697000,0.52648857,0.27853545,0.13666413,0.38086857E-1,0.46181458,0.89019235E-1,0.10141478,0.31400013E-1,0.35393592,0.85084406,0.48001626,0.86256221
-6.5020993,0.14781116,0.17697136,0.57232230,0.57550957,0.19269508,0.18313641,0.26210534,0.20357790,0.36907126E-1,0.55001471E-2,0.81090094E-1,0.36665051,0.84897966,0.37824992,0.62180775
-9.1383323,0.47245506,0.13495222,0.32832887,0.49595939,0.52919593,0.10643135,0.39503856,0.18348884,0.65544799E-1,0.39143357E-1,0.10308177,0.34196798,0.84667226,0.41842594,0.58214462
-9.7847250,0.41813797,0.11604810,0.26746719,0.48351769,0.42119839,0.10594282E-1,0.46028115,0.32158403,0.57354173E-1,0.71094865E-1,0.72103306E-1,0.33723284,0.83231968,0.52672813,0.21686533
-8.8125492,0.32637915,0.79803933E-1,0.26967374,0.50965174,0.21852688,0.35482053E-1,0.29955306,0.44076488,0.16562254E-1,0.75055362E-1,0.46053457E-1,0.29908107,0.94849615,0.39768306,0.33603734
-10.219088,0.37023447,0.13504716,0.25203101,0.55866808,0.99440026E-1,0.27449332,0.28528770,0.38545394,0.93481778E-1,0.33604529E-1,0.11074229,0.38030414,0.84127872,0.29835043,0.19687288
-6.4797260,0.68245411,0.17658193,0.44274321,0.65714497,0.44613030,0.12210182E-1,0.40058781,0.74393457E-1,0.97657497E-2,0.65550796E-1,0.12290779E-1,0.36806571,0.83852878,0.44964501,0.85042201
-11.679273,0.60746885,0.11780074,0.45799402,0.49194462,0.55624763,0.16844682,0.35188063E-1,0.15439946,0.16966019E-1,0.52371701E-1,0.11691949,0.28594207,0.91110211,0.43533198,0.32492002
-9.5611534,0.40188206,0.20117813,0.40872507,0.63687594,0.44160651,0.94141474E-1,0.48569548,0.12166073,0.22945837E-1,0.74422866E-1,0.43926649E-1,0.36545789,0.86921677,0.49143758,0.92265689
-7.1894875,0.39365831,0.10836361,0.16786161,0.62568238,0.78886604E-3,0.17083723,0.10469617,0.46658784,0.15818877E-1,0.74543455E-1,0.88286800E-1,0.30954998,0.90187747,0.43852222,0.94555027E-1
-12.594630,0.34923058,0.18212687,0.33679702,0.52228030,0.29489738,0.43894368E-1,0.27509334,0.16984965,0.85842338E-2,0.40510184E-1,0.19510290,0.32058831,0.84253193,0.52233522,0.73877546
-7.5660101,0.17962172E-1,0.12041653,0.40472797,0.52902732,0.27655232,0.53569107E-1,0.39477230,0.28148301,0.67372330E-1,0.37455280E-1,0.58423218E-1,0.31186411,0.89251765,0.39199563,0.79348408E-1
-9.6450166,0.44776985,0.18143831,0.49743899,0.65392633,0.11086423,0.52951613E-1,0.33996519,0.14300139,0.83146248E-1,0.57716040E-1,0.25553168,0.31869037,0.93465279,0.44863025,0.38038589
-9.2251940,0.11698204,0.14761804,0.53259862,0.45285739,0.48346489,0.27630452E-1,0.14446001,0.13602101,0.71781067E-1,0.72898826E-1,0.16107621,0.27937972,0.89727335,0.50139207,0.15537817
-10.204393,0.30612744,0.21489873,0.47541834,0.57959939,0.44323941,0.26771472,0.23447966,0.12811690,0.11084790E-1,0.25971318E-1,0.13898561,0.33973085,0.92119799,0.45366178,0.69567212
-8.9089771,0.68836972,0.13623997,0.14911632,0.57451264,0.36190091,0.34043588E-1,0.44856743,0.48930074,0.92106120E-1,0.34759473E-1,0.88477470E-1,0.32907357,0.90774818,0.55241008,0.35521245
-10.045959,0.58477902,0.14125255,0.58529584,0.55940775,0.29967709,0.13825992E-3,0.47407139,0.26695429,0.28036911E-1,0.11972146,0.92980209E-1,0.33801606,0.88797217,0.51508788,0.98035239
-8.0441134,0.19900791,0.13680466,0.43646720,0.43113079,0.58395846,0.25508770,0.21312317,0.21920144,0.22910638E-1,0.31731983E-1,0.95136402E-1,0.34985139,0.84808652,0.43379794,0.23621654
-8.2855208,0.72317946,0.14497081,0.10510014,0.70143005,0.18342626,0.40936633E-1,0.28496069,0.30294649,0.79209161E-1,0.12255708,0.67336625E-1,0.32219225,0.85539617,0.54300297,0.96531067
-10.729415,0.54374339,0.16398029,0.22463512,0.68021474,0.32763350E-1,0.26923730,0.26584774,0.35935255,0.28447003E-1,0.13297747,0.17542530,0.36475793,0.89892179,0.36217237,0.75113077
-9.3740500,0.50850577,0.13942613,0.15223638,0.53530983,0.30863386,0.23400753E-1,0.42290175,0.45959866,0.25463428E-1,0.17957417,0.42260871E-1,0.30294689,0.90323663,0.43059192,0.50794052
-9.9764130,0.66987137,0.10632690,0.11848430,0.69053400,0.65099645E-1,0.32586370,0.28650094,0.50058580,0.83399138E-1,0.23561426E-1,0.27212873E-1,0.36802021,0.88480960,0.58036689,0.80141628
-10.174350,0.24848145,0.15996976,0.47776388,0.70778252,0.91421804E-1,0.59594438E-1,0.22660771,0.10064144,0.33569410E-1,0.12599474,0.90525930E-1,0.31269917,0.90572412,0.48479588,0.22352355
-7.4946291,0.18727677,0.14059273,0.32825497,0.44236783,0.27974765,0.15365807,0.17430030,0.29043338,0.80188021E-2,0.17285055E-1,0.31797790E-1,0.35508093,0.83857261,0.34579256,0.75814138E-2
-9.2883763,0.92092345,0.14349816,0.25829845,0.55231279,0.69603895,0.90147785E-1,0.70875425E-1,0.10771563,0.54131051E-1,0.39253334E-1,0.82262672E-1,0.34701249,0.85801012,0.45678775,0.42499043
-9.7306089,0.86276859E-1,0.17139425,0.61290036,0.50263023,0.28014664,0.18460509,0.22973278,0.46428652E-1,0.10934070,0.11335211,0.13398218,0.34006420,0.89893642,0.41460190,0.27505502
-12.022066,0.47864041,0.13014024,0.29037666,0.59625460,0.14574849,0.15269025,0.42096579,0.24171551,0.36918580E-1,0.19233962,0.13375524,0.34590009,0.88563370,0.50631806,0.39777912
-12.174347,0.45927972,0.18466464,0.40277448,0.66890546,0.20643782,0.36574725,0.29635911,0.16224101,0.56173570E-2,0.20940759E-1,0.38520793E-1,0.42547747,0.85035914,0.49775312,0.35010676
-9.4859243,0.31332224E-1,0.10269878,0.55844421,0.55041933,0.13577982,0.27280134,0.31352399,0.31144732,0.37870311E-1,0.30134477E-1,0.62555472E-1,0.34028468,0.90978775,0.51456456,0.91238247E-1
-8.3437126,0.40847986,0.15868058,0.65258016,0.64714041,0.63567785E-1,0.89931741E-1,0.39398512,0.14941113,0.67275392E-2,0.44057052E-1,0.19769991,0.38625047,0.85986246,0.53103487,0.54925685
-8.1331017,0.68154609,0.11819743,0.18531615,0.63094650,0.35602298,0.63102618E-1,0.30263769,0.38802172,0.41692913E-1,0.14722251,0.45165831E-1,0.34039395,0.83979434,0.43388354,0.45737883
-8.2868282,0.35452990,0.15603679,0.25636238,0.60942022,0.22437078,0.60505984E-1,0.12345515,0.28193741,0.16934387E-1,0.12771093,0.78218406E-1,0.30083933,0.95342516,0.41503448,0.49838791
-13.188780,0.47447726,0.10788077,0.36343982,0.59589262,0.93617718E-1,0.86744728E-1,0.30560293,0.52037017,0.47524433E-1,0.24187938,0.21560439,0.35238461,0.86633400,0.34377436,0.44379187
-8.0034257,0.79810762,0.21623411,0.27485310,0.62030754,0.31387634,0.22485336,0.59059496E-1,0.53652263E-1,0.13875213E-1,0.60528532E-1,0.34107048E-1,0.33821163,0.87728678,0.38541317,0.66837232
-10.484128,0.40864135,0.78191429E-1,0.46430529,0.46007427,0.65521501,0.61410768E-1,0.24214481,0.28368473,0.20208080E-2,0.96033197E-1,0.11996819,0.33010621,0.83693648,0.36885142,0.46182771
-11.313563,0.47434005,0.11589629,0.62043267,0.41788913,0.78779994,0.14001892,0.28884568,0.15776211,0.45666274E-1,0.42418595E-1,0.86025973E-1,0.34567208,0.90962526,0.52738013,0.88321587
-9.4252610,0.24000275,0.17979789,0.53377603,0.74476886,0.14974883,0.42670425E-1,0.56940099,0.29337065,0.24537612E-1,0.62482724E-1,0.20025829E-1,0.40912415,0.88060496,0.48888800,0.94230778
-11.318489,0.47883422,0.13720456,0.18722294,0.39901950,0.65724023,0.84018340E-1,0.18519582,0.35526621,0.24836266E-1,0.22137162E-1,0.14825724,0.27048420,0.96979001,0.53582775,0.22469300
-6.8018208,0.55104926,0.14512289,0.24872441,0.60849030,0.28539858,0.27262539,0.54860776E-1,0.25015327,0.11591344E-1,0.33668612E-1,0.34926746E-1,0.35515276,0.88806117,0.40352114,0.18725531
-10.433851,0.72105669,0.11481926,0.43061157,0.48059062,0.81994764,0.49002013E-1,0.17198947,0.53691186E-1,0.82341807E-2,0.27219230E-1,0.13519367,0.30172999,0.95696874,0.57388138,0.95046790
-7.4865430,0.65737817,0.18662327,0.36410936,0.55714790,0.32751798,0.15300841,0.23752798,0.16765288,0.81587292E-2,0.49776199E-1,0.39060582E-1,0.35544627,0.84078967,0.51074525,0.45138043
-10.336542,0.81224384,0.99193423E-1,0.17412065,0.55901024,0.70141355,0.12488534,0.49332248E-1,0.21013042,0.10201192E-1,0.35329349E-1,0.14843068,0.35472243,0.90697559,0.51380815,0.42521438
-10.615703,0.25936754,0.19212093,0.44554685,0.53247600,0.32827963,0.89326347E-1,0.73388125E-1,0.77716953E-1,0.45281939E-1,0.12330349,0.73693372E-1,0.27889409,0.93877260,0.50042489,0.94843431
-9.9307695,0.80103951,0.85594587E-1,0.84285723E-1,0.63037731,0.27313767,0.19638105E-1,0.31646491,0.39970062,0.30170349E-1,0.32555670E-1,0.11611653,0.34782861,0.93805934,0.46123079,0.60099554
-8.7911451,0.56897099,0.17733697,0.42386530,0.54632539,0.34038512,0.18016292E-2,0.43803991,0.21610760,0.82694376E-1,0.27395332E-1,0.19689101,0.33102295,0.87680609,0.37440679,0.60186101
-14.523218,0.13623144,0.14257283,0.49104339,0.48999420,0.49381484E-1,0.11650850,0.51329760,0.29857761,0.11394615,0.69440188E-1,0.21849565E-1,0.30884463,0.94793626,0.56108101,0.13994702
-12.979470,0.49620523,0.82940272E-1,0.40815210,0.52582766,0.39524912,0.28488767,0.34301006,0.49649434,0.30813027E-1,0.48168556E-1,0.20828798,0.41626237,0.82204032,0.43158788,0.67277642
-8.9710745,0.37745119,0.12822397,0.62848527,0.62751180,0.40364951,0.85385860E-1,0.37511277,0.91584890E-1,0.13192778E-1,0.63474383E-1,0.17158581,0.35467722,0.89098388,0.52132554,0.50447702
-4.8977156,0.56954258,0.13777476,0.23219926,0.64566628,0.16192832,0.81073045E-1,0.20831993,0.34316221,0.21591397E-1,0.91685706E-1,0.57497866E-1,0.33320852,0.89782226,0.46155540,0.56926409
-14.612229,0.27013032,0.54297533E-1,0.22753470,0.67335979,0.82976923E-1,0.28061000E-2,0.51968937,0.55817295,0.71607891E-2,0.83010217E-1,0.28026906,0.37806208,0.81515818,0.41934401,0.42229928
-17.092238,0.22357954,0.66001922E-1,0.16899462,0.43341563,0.26436023,0.32159315,0.37687882,0.47132735,0.12585152,0.41557758E-1,0.14861221,0.35606053,0.88464169,0.48336713,0.72691159
-9.9142232,0.23020551,0.18132757,0.45828053,0.57160409,0.45809516,0.15961167,0.28225740,0.40694745E-1,0.33019799E-1,0.96537712E-1,0.96897148E-1,0.32520003,0.88961304,0.38361734,0.69060718
-8.3574682,0.54783834,0.14870871,0.33076313,0.71261573,0.36898094E-1,0.11219223,0.22087042,0.16287840,0.15766518E-1,0.24177839E-1,0.17405164,0.35832022,0.84738426,0.55974635,0.17081237
-9.7582935,0.50446371,0.13384468,0.26156107,0.56937325,0.41549655,0.22243147,0.16440228,0.36812983,0.40583653E-1,0.55196821E-1,0.20947022,0.33658326,0.87116462,0.45194876,0.68557632
-11.215618,0.51978129,0.19703653,0.53217369,0.45000244,0.61753038,0.19144324,0.10293538,0.69151698E-1,0.23067465E-1,0.79908206E-1,0.26203945,0.31472229,0.87217339,0.42266936,0.21405865
-13.113930,0.43509992,0.21859092,0.43478024,0.56070985,0.29728905,0.18736649,0.13940252,0.50160783E-1,0.34690791E-1,0.15196542E-1,0.19089349,0.28401309,0.90414817,0.42235279,0.37292448
-9.5045357,0.55432942,0.15462862,0.42992099,0.55666862,0.30951148,0.12198086,0.40051542,0.21389607,0.18598455E-1,0.28162493E-1,0.55530583E-1,0.39281998,0.88053516,0.30902836,0.61040101
-7.2681346,0.42532718,0.14953045,0.28187676,0.67224533,0.22350248,0.92463557E-1,0.34845116,0.21701161,0.41106881E-1,0.33293963E-1,0.10732297,0.34547484,0.88519016,0.51877015,0.83658464
-8.1901359,0.32690490,0.13434421,0.38164973,0.59832267,0.12219430,0.19126174,0.22739460,0.25802288,0.22246573E-1,0.10443828,0.15258347,0.35784983,0.87878255,0.33246303,0.40668566
-9.7045496,0.37549713,0.19746613,0.40576768,0.56566276,0.69390664,0.35821423E-2,0.38320594,0.12976709,0.21525094E-1,0.94814559E-1,0.14863670,0.33787171,0.87718838,0.28765770,0.72699291
-7.2795311,0.45281790,0.17563891,0.32931280,0.66403615,0.16716328,0.24145514E-1,0.30540730,0.21612688,0.96805541E-2,0.27979028E-1,0.12655530,0.37249907,0.86923058,0.31056348,0.23257026
-13.443441,0.33375164E-1,0.15930382,0.75928134,0.58982719,0.21372358,0.22915065,0.32338689,0.65181537E-1,0.10103963,0.44919480E-1,0.17992675,0.32114373,0.94023526,0.55343505,0.38106323
-8.7689693,0.62572159,0.13659804,0.11629314E-1,0.61312184,0.90100290E-2,0.15358692,0.30717596,0.48057014,0.35912706E-1,0.86121754E-1,0.46097027E-1,0.36206330,0.87349368,0.56123136,0.39013484
-10.031335,0.29288302,0.18379862,0.32787593,0.55499271,0.25141915,0.17302174,0.24820906,0.26123888,0.67902293E-2,0.13477067E-1,0.88665609E-1,0.35431131,0.88548270,0.17091766,0.24141641
-9.4758144,0.89525995,0.13219835,0.27835694,0.64809671,0.19916285,0.13625802,0.27956384,0.39322335,0.25060905E-1,0.32927541E-1,0.99995731E-1,0.38693086,0.82727841,0.42342087,0.84430807
-10.447922,0.29246966,0.11882916,0.38587381,0.64307461,0.11771583,0.75929439E-1,0.30916087,0.36066785,0.16387894E-1,0.22161824,0.35595979E-1,0.32596832,0.84924408,0.51191132,0.33880035
-15.071806,0.17299407,0.79247778E-1,0.66589210,0.50514318,0.37980689,0.15482815,0.37284785,0.20615613,0.68303586E-1,0.19420410,0.17180420,0.36215254,0.83657159,0.42153225,0.72132413
-9.9877694,0.71451107,0.14027815,0.28329452,0.68768685,0.51846818,0.11975334E-1,0.27905158,0.99235438E-1,0.37435776E-1,0.87272897E-1,0.21628280,0.34326930,0.88832162,0.49741579,0.23946381
-12.339547,0.55203661,0.11332636,0.11553602,0.63518144,0.33860514,0.18044497,0.21470333,0.34730069,0.44278965E-1,0.22175084,0.11901919,0.35369353,0.89703299,0.41319726,0.81438683
-13.746549,0.48030217,0.10868395,0.10218335,0.58471987,0.93110558E-1,0.67327285E-1,0.48352403,0.43760540,0.42482337E-2,0.20119815,0.91706303E-1,0.32698400,0.83469070,0.53456987,0.58539754
-9.5782241,0.31102363,0.15921656,0.51518312,0.59790170,0.13509440,0.39690599E-1,0.41670959,0.38759049,0.65982094E-1,0.10380227,0.19605498,0.34749759,0.90594293,0.34431294,0.61368069
-10.507830,0.31171462,0.12296801,0.12586060,0.50710559,0.20385374,0.12856775,0.20454956,0.39079694,0.88099584E-2,0.25599925,0.47734313E-2,0.30520478,0.93650116,0.43729480,0.29802049
-9.6422570,0.23576513,0.11660742,0.23438531,0.46306516,0.37007126,0.11658611,0.17323673,0.43501752,0.26881011E-1,0.19183972,0.69611914E-1,0.31214487,0.90886632,0.34376320,0.64618667
-10.350227,0.82218177,0.13041992,0.93483991E-1,0.72667695,0.12500557,0.25709058,0.26702408,0.53219493,0.23418165E-1,0.17837341E-1,0.10967540,0.33664880,0.92883658,0.56377496,0.55051774
-7.7883298,0.34450952,0.16167412,0.25681928,0.57537803,0.12524321,0.57278869E-1,0.17431057,0.30019867,0.27806099E-1,0.11283992E-1,0.17214682E-1,0.31415694,0.92551471,0.21873664,0.41054978
-7.2491084,0.69912756,0.11569509,0.80184811E-1,0.66558864,0.11357075,0.91632022E-1,0.25196911,0.42534042,0.29365416E-1,0.16979302,0.13438279,0.33485093,0.86159530,0.47798649,0.83221520
-12.773722,0.51110900,0.14765670,0.31076352,0.43018836,0.79651959,0.19064696,0.44301618E-1,0.15016349,0.89810952E-1,0.38129666E-1,0.21054177E-1,0.27823750,0.94166530,0.52111925,0.82269547
-6.4695772,0.64750632,0.15468812,0.30029661,0.60132367,0.41474544,0.12628022,0.19396424,0.20196158,0.52873425E-1,0.24700804E-1,0.13735709,0.34865154,0.84817893,0.48510284,0.92519957
-5.9659151,0.26273708,0.17993671,0.50723313,0.66135675,0.20709108,0.52339475E-1,0.48892202,0.24240985,0.39461696E-1,0.67724698E-1,0.36304246E-1,0.35742851,0.85481290,0.47044796,0.42042996
-8.6102531,0.16134121,0.22524790,0.56614614,0.60702889,0.38530285,0.78322757E-1,0.50403508,0.66053932E-1,0.46247043E-1,0.13607890,0.15700262E-1,0.35657898,0.89672593,0.46941401,0.39305502
-12.241025,0.91958628,0.13622116,0.19589828,0.67416959,0.30731683E-1,0.75051668E-1,0.40997630,0.43177366,0.47325083E-1,0.13832169,0.21367991,0.35879323,0.89301049,0.48233911,0.23129340
-9.3817687,0.40446978,0.13216802,0.26757198,0.56475705,0.43988181,0.45804350E-1,0.35042437,0.23941858,0.35218343E-1,0.14715526,0.10524971,0.33222359,0.86052705,0.53028063,0.81083104
-8.9075059,0.78360551,0.11707623,0.19745927,0.63840654,0.18029684,0.94750593E-1,0.14501494,0.30559109,0.57192825E-1,0.78085208E-1,0.12714105,0.32701609,0.84366345,0.42985151,0.60423919
-10.072270,0.38507090,0.14469627,0.29838984,0.49062732,0.36336931,0.81590601E-1,0.31565193,0.43470755,0.76089659E-1,0.62414685E-1,0.47025373E-1,0.31202145,0.96047790,0.34293553,0.67999755E-1
-8.8894281,0.45999205,0.11400154,0.18866110,0.53048760,0.58008979,0.15121249E-1,0.40028330,0.37903240,0.27174422E-2,0.13344449E-1,0.99339999E-1,0.35885112,0.85908616,0.52188451,0.42606243
-10.587922,0.46563489,0.20319997,0.40510761,0.65301215,0.30721890,0.31791128E-1,0.34689001,0.19510787,0.26812601E-1,0.14164318,0.27972087,0.32124720,0.87499019,0.43503149,0.42802091
-12.277467,0.57906545,0.99999415E-1,0.36063313,0.52002596,0.52222338,0.42345409E-1,0.12407754,0.27898976,0.51051212E-1,0.22568391,0.14474255,0.32278775,0.92564569,0.41785906,0.44750272
-9.6695411,0.71920029,0.86932997E-1,0.24532555E-1,0.39814465,0.89516415,0.11471124,0.11329951,0.14742555,0.22662189E-2,0.22058859E-1,0.12203885,0.30718137,0.90771735,0.41909429,0.38264242E-1
-17.234225,0.63668227,0.14052282,0.26736377,0.79286995,0.87411652E-1,0.13843698,0.14871393,0.20795964,0.59636266E-1,0.78186435E-1,0.18637975,0.27774324,0.95658192,0.66219302,0.91317083
-9.8731859,0.73897553,0.20643790,0.31502302,0.66910661,0.23353162,0.22469007,0.20324307,0.66343220E-1,0.48408423E-1,0.14319351,0.20897507E-1,0.37181069,0.88871258,0.45213978,0.59302443
-13.806845,0.32863597,0.52893761E-1,0.32711702,0.46641391,0.45031054,0.96959682E-1,0.30578972,0.40558655,0.71174520E-1,0.16431652E-1,0.13749796,0.33007522,0.89679485,0.32119101,0.86316848
-7.7706955,0.53503335,0.95673949E-1,0.37649493,0.49930245,0.31691138,0.19407831,0.19720833,0.32619514,0.47103798E-2,0.58562132E-1,0.28060282E-1,0.36048176,0.86364174,0.36521501,0.47468664
-7.9960076,0.81038352,0.14568559,0.41181686E-1,0.63084164,0.30856860,0.71484772E-1,0.10006279,0.18492243,0.56151519E-1,0.60235553E-2,0.98840706E-2,0.33606703,0.89577882,0.49635030,0.97905002
-9.6524238,0.63378355,0.10796452,0.42803322,0.38374863,0.80240972,0.16112521,0.15980562,0.12867616,0.23395833E-1,0.83152447E-1,0.11186169,0.34102943,0.89989164,0.37239422,0.81511687
-5.9426872,0.68878763,0.14553701,0.16050538,0.58426754,0.31629497,0.11586277,0.24471155,0.28993568,0.66034441E-1,0.20418780E-1,0.77486533E-2,0.34309170,0.89187096,0.47400390,0.68605270
-10.579956,0.59892169,0.16021959,0.38190132,0.67661889,0.16331451,0.24864463,0.46095474,0.37419234,0.36540891E-1,0.33266671E-1,0.10598887,0.42589545,0.83523282,0.40425968,0.69027362
-9.9079018,0.71171233,0.14806320,0.29160184,0.70273509,0.22439650,0.11501805,0.12570455,0.54787503E-1,0.52457259E-1,0.31865721E-1,0.13629452E-1,0.35574626,0.83088487,0.38296890,0.63870287
-9.3589610,0.47930941,0.11289207,0.59621818,0.60159404,0.24405263E-1,0.19284768,0.32143842,0.33991443,0.27589909E-1,0.25733266E-1,0.58228575E-1,0.37317321,0.85612227,0.41967669,0.88985060
-8.4375182,0.31151562,0.18129299,0.62263080,0.60634044,0.46208155,0.63889903E-1,0.48178051,0.10787939,0.53682534E-1,0.79535161E-1,0.16201639,0.34663867,0.92897294,0.55627225,0.47916044
-5.5120102,0.15981502,0.12340497,0.50383626,0.52414110,0.33755627,0.60728028E-1,0.35277354,0.28823450,0.41195160E-2,0.35611250E-1,0.60755816E-1,0.34563649,0.90667985,0.40921325,0.17268364
-6.6195265,0.70950442,0.18808239,0.33475157,0.66386008,0.22583911,0.68840935E-1,0.23122417,0.14198279,0.55713192E-2,0.59589173E-1,0.51893738E-1,0.32592773,0.93157359,0.48469696,0.15729934
-8.2279902,0.50563529,0.13784550,0.68244657E-1,0.57383087,0.26442639,0.26408694E-1,0.16486362,0.30286175,0.53544775E-1,0.88337152E-1,0.11078369,0.33493805,0.84109767,0.36583060,0.52961797E-1
-9.0338668,0.47973492,0.17850575,0.50384005,0.54492345,0.52222627,0.79880924E-1,0.42910427,0.59821351E-1,0.11141426,0.11663912,0.69729146E-1,0.36600070,0.83400641,0.36171361,0.38736014
-7.7579891,0.57107764,0.13053664,0.43373735,0.44958375,0.62289516,0.20390537,0.17900102,0.83016608E-1,0.43650983E-1,0.68973900E-1,0.77233323E-1,0.34604473,0.85471399,0.40370986,0.57248837
-10.437672,0.76502373,0.93972975E-1,0.23548267,0.48887893,0.72726593,0.93205044E-1,0.27778394,0.36488384,0.83297394E-2,0.12386959,0.10614281,0.32423267,0.87652891,0.54101648,0.22327265
-10.745625,0.34444316,0.17052276,0.54474824,0.61887685,0.32350016,0.14530817,0.40385798,0.35646502,0.48620741E-1,0.15417287E-3,0.13333998,0.36961320,0.85893440,0.37737677,0.37195901
-7.8845159,0.52752144,0.15417552,0.49316602,0.45170887,0.50966248,0.52064832E-1,0.24395346,0.74093911E-1,0.18385635E-1,0.92075576E-1,0.97922101E-1,0.31939184,0.88045299,0.33932840,0.42207865
-11.210525,0.91738959,0.16302445,0.11573207,0.66108831,0.32998170,0.14233509,0.37445454,0.27112115,0.10768942,0.51690426E-1,0.24410188,0.34333702,0.90936236,0.59866134,0.44248885
-7.7185147,0.50998570,0.15480472,0.48106328,0.59446478,0.36349877,0.84898403E-1,0.24661834,0.15079567,0.20817649E-1,0.13127720,0.13403972,0.31153895,0.90385906,0.57955003,0.46648939
-8.2983083,0.20464684,0.81889898E-1,0.11005809,0.44399420,0.20203261,0.10390505,0.22270183,0.54893869,0.17051563E-1,0.62192521E-1,0.12565121E-1,0.30199894,0.91955854,0.45293602,0.17581624
-6.2283001,0.11691910,0.11699324,0.35315311,0.55295427,0.11382824,0.54506772E-1,0.40582304,0.40541811,0.30786113E-1,0.84973370E-1,0.14269078,0.34361095,0.84258953,0.41565440,0.55048413
-9.0555914,0.49682697,0.16478550,0.33597185,0.74640429,0.10563589,0.80576145E-1,0.45127440,0.21055755,0.89900096E-2,0.11560459,0.19881742E-2,0.38817934,0.83083238,0.45335010,0.24262628
-5.8725497,0.33858686,0.18655270,0.48004621,0.55995078,0.23258128,0.37937840E-1,0.33229824,0.22328174,0.26185638E-1,0.11767510E-1,0.92056791E-1,0.31159778,0.91582598,0.42830640,0.56827847
-13.901878,0.14129542,0.12286070,0.44590754,0.51473171,0.29756504,0.29847057,0.27792145,0.43442455,0.56825834E-1,0.49498427E-1,0.14436077,0.35716294,0.84593135,0.64129080,0.12451077
-7.4581178,0.33514479,0.15655062,0.60652800,0.44047241,0.50574173,0.51502991E-1,0.29961429,0.64449115E-1,0.75818342E-1,0.57712158E-1,0.10115356,0.33241743,0.87839925,0.35532558,0.51259289
-6.9467714,0.56850844,0.89380234E-1,0.16558661,0.59391678,0.46303855,0.56004014E-1,0.25487745,0.30217813,0.16966148E-1,0.52682247E-1,0.43782987E-1,0.35268542,0.87480223,0.49990359,0.33430818
-8.2065188,0.40647463,0.15078725,0.33361408,0.60588010,0.52345543E-1,0.41110420E-1,0.37864968,0.38286345,0.13937952,0.52922462E-1,0.41331661E-1,0.33226609,0.92492640,0.43198786,0.79425897
-8.3050826,0.42843834,0.11965052,0.10791625,0.62548406,0.58400036E-1,0.23443537,0.21456504,0.50503670,0.67788701E-1,0.14142825E-1,0.91667234E-2,0.34849550,0.87344873,0.42133551,0.94542263
-9.9029204,0.74140381,0.10918131,0.15309244,0.61380858,0.23684738,0.13666557,0.34429992E-1,0.46368350,0.31148738E-1,0.10787207,0.56402861E-1,0.31742809,0.88555240,0.45254833,0.99687859
-8.0199236,0.49986479,0.12123123,0.75366792E-1,0.45170971,0.35002286,0.31623673E-1,0.74380773E-1,0.31181729,0.44167819E-1,0.81630670E-1,0.51268950E-1,0.31048372,0.86495368,0.33241313,0.34184360E-1
-11.116245,0.95381518,0.17037646,0.15658645,0.62020491,0.27861133,0.13996822,0.92909446E-1,0.40488021E-1,0.83768966E-1,0.89674734E-1,0.85147962E-1,0.33751912,0.87253702,0.51276646,0.63582175
-9.9188708,0.81348407,0.16708472,0.15145324,0.69008502,0.30024149,0.29377133E-1,0.27839607,0.22777085,0.43942485E-1,0.26045438E-1,0.16992597,0.28461421,0.94476752,0.71270290,0.71063195
-9.4037490,0.37983053,0.13448789,0.41875349,0.53991563,0.39139050,0.54226241E-1,0.35665412,0.40022689,0.62008049E-1,0.26215843E-1,0.17585005,0.35919521,0.89916654,0.43735842,0.34829388
-7.5026397,0.53865225,0.14019961,0.49253296,0.56389439,0.46574940,0.75464865E-1,0.20505029,0.14830815,0.38526077E-1,0.37292925E-1,0.29368270E-1,0.32385560,0.90169859,0.58942465,0.57272426
-7.1137404,0.55689648,0.20496067,0.50371568,0.71030825,0.16722627,0.10723953,0.31239622,0.11154165,0.51097669E-1,0.46680604E-1,0.12698241,0.37032061,0.85412898,0.47254643,0.22366690
-14.545869,0.75428556,0.11626412,0.29416395,0.63594327,0.54153181E-2,0.25635423,0.24777182,0.40828654,0.63931194E-1,0.47998140E-2,0.33017752E-1,0.37632817,0.84727354,0.33350921,0.72832874E-1
-7.3918723,0.18485654,0.93567296E-1,0.29783200,0.53964813,0.99589633E-1,0.14236520,0.28543196,0.36263973,0.46189294E-1,0.33487263E-1,0.30624323E-1,0.37026561,0.88625254,0.43618369,0.33537288
-14.834103,0.48351542E-1,0.10377619,0.41359603,0.51472457,0.20714851,0.24662700,0.34687203,0.56845060,0.33110142E-1,0.12780054,0.16108558,0.31075389,0.88064450,0.50679170,0.64306432E-1
-10.223606,0.30077949,0.21064009,0.55648736,0.54635960,0.21623200,0.20859352,0.39398188,0.17532710,0.45414295E-1,0.11206377,0.63278754E-1,0.36472007,0.91644057,0.37671388,0.11556139
-9.3556993,0.56995186,0.17631140,0.29376838,0.56655090,0.40748003,0.13433263,0.18010918,0.18090856,0.62252287E-1,0.26221766E-1,0.23927698,0.29660349,0.91185373,0.47086046,0.31402650
-8.9922139,0.91883385,0.18499069,0.21378912,0.59438032,0.43813836,0.16340752,0.21510369,0.14912919,0.62311945E-2,0.87274390E-1,0.17213819,0.32508388,0.87452862,0.46021916,0.93326983
-6.2550399,0.23275615,0.17168997,0.52391607,0.61020890,0.22307904,0.22233127E-1,0.47409118,0.20914339,0.40929952E-1,0.69909128E-1,0.15774801,0.36216735,0.83181241,0.40584091,0.65213412
-6.7927699,0.30467585,0.14997250,0.44377452,0.48980939,0.46354216,0.18699139,0.74451772E-1,0.19255827,0.79435811E-2,0.64970003E-1,0.96782186E-1,0.34218075,0.89789743,0.34670456,0.54545584
-10.401182,0.26307990,0.21434840,0.44050106,0.55472838,0.19132878,0.10118827,0.77984392E-1,0.14113738,0.21086321E-1,0.12722224,0.32974553E-1,0.27856207,0.90547351,0.39736207,0.36317435
-13.282222,0.57773737,0.12918455,0.39017866,0.67227398,0.42220069E-1,0.33795771,0.26364243,0.32689670,0.25525528E-1,0.20014605,0.13591709,0.38731178,0.87415088,0.39095025,0.64166583
-5.9853916,0.46243265,0.18415923,0.44818990,0.60550728,0.20280778,0.65894904E-1,0.38682078,0.22560011,0.17455505E-1,0.54045024E-1,0.88617690E-1,0.33902667,0.85769540,0.41208358,0.33820395
-7.3998414,0.16132441,0.18047657,0.50988895,0.57285206,0.16201105,0.24219281E-1,0.18661865,0.10687438,0.79270245E-2,0.57700931E-1,0.11481234,0.33819718,0.85431343,0.40284220,0.70230163
-9.3160007,0.69233353,0.16675386,0.30311577,0.67171652,0.84132478E-1,0.13497292,0.25843069,0.39251824,0.55467255E-1,0.91197552E-3,0.17096422,0.31609766,0.91544021,0.63596617,0.20673174
-10.036537,0.37979838,0.18652490,0.55512804,0.50038279,0.31566327,0.10252378,0.31355362,0.17928518,0.67309454E-1,0.20881130,0.79609939E-1,0.33354648,0.87871603,0.39178057,0.55836409
-8.6266625,0.24590031,0.15064785,0.65757513,0.54719659,0.16471286,0.13958662,0.28769558,0.84180565E-1,0.29229812E-1,0.13912206,0.38810501E-1,0.37617250,0.82358388,0.48828522,0.75748909
-10.925679,0.10291416,0.15890951,0.44305913,0.40251597,0.84518900,0.79180315E-1,0.59766448E-1,0.11599361,0.27620839E-1,0.78429750E-1,0.14267295,0.29351258,0.94504107,0.37062513,0.52125972
-8.2867489,0.16957989,0.16251502,0.33911531,0.56246485,0.20870150,0.23503155,0.18209162,0.24416647,0.57091023E-1,0.12246458E-1,0.45316337E-1,0.34436175,0.86601486,0.35589149,0.66443112
-8.5571428,0.22659777,0.16208599,0.68568660,0.45803460,0.45298468,0.28757421,0.58515450E-1,0.83282761E-1,0.54892722E-2,0.62258515E-1,0.11238808,0.34533345,0.88195095,0.44206796,0.80582640
-12.553805,0.82032726,0.74001658E-1,0.35167554,0.56128189,0.38649287,0.14622550,0.11446576,0.16546529,0.21394732E-1,0.33168798E-1,0.26569002E-1,0.31997104,0.90047815,0.55866425,0.70960224
-15.297579,0.41294742,0.13125564,0.76453399,0.57190653,0.23138610,0.13095433,0.55553130,0.25195443,0.89304917E-1,0.54809066E-1,0.12728107,0.38297097,0.90891847,0.64226231,0.88266960
-8.8461043,0.20132174,0.84329543E-1,0.21933384,0.45749536,0.43226143,0.16634538,0.21393965,0.36885425,0.59841510E-1,0.11511278,0.10927262,0.32086584,0.89283184,0.40261897,0.77438589E-1
-9.7847369,0.60909498,0.19241673,0.52802854,0.63270373,0.17171161,0.36609046E-2,0.42349853,0.20988428,0.11010761,0.21417162E-1,0.16965977,0.31307671,0.92898648,0.53961344,0.77613519
-13.082212,0.58939289,0.17000261,0.40046698,0.57056360,0.26881438,0.33514094,0.27546050,0.24868082,0.51575923E-1,0.11950276,0.93902582E-1,0.37071433,0.83747688,0.32046319,0.64918137E-2
-11.430762,0.12802159,0.19952472,0.64239415,0.64464883,0.56716268,0.81525543E-1,0.41898321,0.82003755E-1,0.45554444E-1,0.80883899E-1,0.27845451E-1,0.37227318,0.90681057,0.45998457,0.40344909
-8.6961837,0.68483110,0.12899371,0.72315212E-1,0.53505143,0.12661234,0.16725244,0.17985817,0.42426868,0.53806158E-1,0.80673762E-1,0.11964653,0.34424202,0.87155037,0.40062369,0.78423109
-12.536158,0.31202830,0.19424335,0.38364020,0.62081632,0.24029310,0.79642582E-1,0.35139912,0.21193032,0.10621511,0.43977737E-1,0.14251978,0.34664747,0.96200872,0.48694363,0.26689420
-13.568647,0.35179357,0.18479753,0.30821193,0.53344907,0.81037943E-1,0.31798039E-1,0.24430364,0.26601824,0.67991201E-1,0.24332785,0.12209779,0.27293652,0.93722022,0.38187356,0.65000886
-10.401666,0.71319517,0.86725668E-1,0.59096285E-1,0.50506540,0.47978607,0.75234381E-1,0.32653829,0.46147530,0.87972873E-1,0.82567269E-1,0.26215710,0.33126922,0.90550189,0.53048219,0.54262533
-8.9947610,0.48796811,0.13447186,0.49135364,0.48761561,0.51331537,0.21713367,0.17292651E-3,0.20955127,0.13618102E-1,0.91727364E-1,0.86956463E-1,0.32423914,0.89479965,0.36362420,0.24788495
-8.8937505,0.58636014,0.16172748,0.43803315,0.59397357,0.29829013,0.86506003E-1,0.22832107,0.18727484,0.75403632E-1,0.92487551E-1,0.10435491,0.31258876,0.88592389,0.37411629,0.58607236
-7.4780580,0.45270848,0.12228190,0.75804921E-1,0.65675064,0.26514754,0.72049999E-1,0.26198146,0.38334581,0.25361356E-1,0.41916244E-1,0.90319251E-1,0.31981601,0.90963821,0.50231974,0.65450806
