SampleLogFunc,Substrate Roughness,Oxide thick,Oxide Hydration,Lipid APM,Head Hydration,Bilayer Hydration,Bilayer Roughness,Water Thickness,Backs par D2O,Backs par SMW,Backs par H2O,Scalefactor 1,SLD D2O,SLD SMW,SLD H2O
-11.149048,0.29570780,0.18354268,0.47097461,0.65012689,0.19349755,0.41497034E-1,0.52948039,0.15106761,0.13928497,0.44159319E-1,0.39260257E-1,0.33463548,0.84189984,0.50172427,0.28095021
-9.9297439,0.77834802E-1,0.17564780,0.72006485,0.64301734,0.39931744E-1,0.18580387E-1,0.49813726,0.16158895,0.68086648E-1,0.69551171E-1,0.32342074E-1,0.40025325,0.80168026,0.39699050,0.22077130
-10.857474,0.56031686E-1,0.16734334,0.66788883,0.66361266,0.75969170E-1,0.33415789E-2,0.42186444,0.14007408,0.22483408E-1,0.85092970E-1,0.19200795,0.32611858,0.85704790,0.35181748,0.21336030
-10.857474,0.56031686E-1,0.16734334,0.66788883,0.66361266,0.75969170E-1,0.33415789E-2,0.42186444,0.14007408,0.22483408E-1,0.85092970E-1,0.19200795,0.32611858,0.85704790,0.35181748,0.21336030
-12.548982,0.42820651E-1,0.22396956,0.58552938,0.67292137,0.34496353,0.53534621E-1,0.58204482,0.16057099E-1,0.47199440E-2,0.85029596E-1,0.14923869,0.34517839,0.91568467,0.46675666,0.88573537E-1
-6.5159052,0.17243130,0.16351823,0.54121711,0.55308851,0.23240749,0.20381011,0.38758641,0.21197467,0.36514225E-1,0.19311209E-1,0.12335159,0.36012680,0.86864990,0.44117668,0.25954950
-7.3957467,0.99616541E-1,0.18810488,0.65201299,0.58933202,0.20370209,0.10086734,0.42310853,0.13796175,0.16225865E-1,0.32035178E-1,0.88888844E-1,0.35437768,0.85058922,0.35406051,0.18868927
-11.340849,0.17551004,0.16612944,0.59015556,0.52114604,0.26652178,0.15189191,0.40259613,0.29447378,0.16257491E-1,0.97043349E-2,0.25410721,0.36783687,0.82665734,0.38824485,0.41424693
-6.6572723,0.34253720E-1,0.18671401,0.59808354,0.64543110,0.21715231,0.60687336E-1,0.49558323,0.96658778E-1,0.18354645E-1,0.53856921E-1,0.66606717E-1,0.39191364,0.82134178,0.43288141,0.12784229
-9.3865721,0.14520883,0.17117044,0.56306501,0.60609032,0.15593882,0.11774927,0.43519436,0.28042643,0.95786052E-1,0.10456005,0.21416568,0.35530003,0.84564860,0.47366046,0.22357735
-9.3008944,0.95767447E-1,0.17633078,0.51176569,0.64890322,0.24543793,0.17445273,0.41849202,0.99439552E-1,0.32315570E-1,0.16090416E-1,0.83491375E-1,0.36939749,0.91195274,0.54756247,0.13150906
-6.9380995,0.94007286E-1,0.15066491,0.53838139,0.61825389,0.10879123,0.15183093,0.46209269,0.26215076,0.47735940E-1,0.37429048E-1,0.33510593E-1,0.40137186,0.81245162,0.45366358,0.28472975
-8.0304549,0.21489389,0.19394654,0.54520173,0.59201832,0.18832453,0.12823723,0.42629810,0.15236070,0.72504794E-1,0.33253229E-1,0.35999836E-1,0.38245354,0.81513862,0.33641681,0.17812771
-8.6241722,0.15864574,0.14429323,0.50841448,0.55269763,0.72856597E-2,0.21494991,0.36485999,0.32165570,0.65235546E-1,0.49715829E-2,0.50395905E-2,0.40924835,0.81486682,0.35976822,0.43694156
-7.8818890,0.15161814,0.18631409,0.52731164,0.58678699,0.46400186E-1,0.67058903E-1,0.38999521,0.23769980,0.12776352,0.18076169E-1,0.56937096E-1,0.35544829,0.87147970,0.48421688,0.14491199
-11.737839,0.65184338E-1,0.16517419,0.48120095,0.59236666,0.70221139E-1,0.64891253E-1,0.39416803,0.27687538,0.27068447E-1,0.97769473E-2,0.19391219,0.32641412,0.81364096,0.49303629,0.13424031
-8.5364768,0.77942891E-1,0.20663688,0.60187765,0.62082621,0.27089290,0.21502962E-1,0.52053389,0.65533674E-1,0.10976808,0.73414051E-1,0.11572991,0.34303035,0.93845003,0.51672486,0.13474184
-11.074062,0.29254946,0.15985955,0.55625909,0.66353769,0.15239601,0.13151999,0.37060912,0.25279986,0.65035422E-1,0.34148710E-1,0.18151452,0.34728690,0.86204864,0.33840994,0.84053180E-1
-9.6626338,0.30326367,0.18334455,0.66050313,0.55048601,0.21503970,0.56495220E-1,0.26646466,0.79414569E-1,0.17149307E-1,0.50241624E-1,0.14959427,0.31731675,0.88311825,0.32332990,0.41842423E-1
-6.4798249,0.26089925,0.19276043,0.50174102,0.63036174,0.21040519E-1,0.14470807,0.35524697,0.24728232,0.45117658E-1,0.77938090E-1,0.48192087E-1,0.36983418,0.85689444,0.35096389,0.26688001
-5.6598025,0.39745459,0.15326647,0.36809170,0.59071536,0.17572487,0.17350333,0.23762755,0.29015120,0.31567914E-1,0.10042614,0.61486550E-1,0.35411880,0.89908361,0.39719632,0.44908133
-11.255984,0.63216823,0.10371330,0.13750776,0.63317378,0.49894089E-1,0.11734376,0.29140635,0.52530314,0.56308133E-1,0.92091317E-1,0.30117163,0.36832983,0.87834527,0.43343660,0.83460680E-1
-13.531729,0.63977107,0.14329082,0.44832832,0.59991424,0.70096452,0.39598892E-1,0.48420059,0.27690137,0.14208441,0.64001559E-1,0.18265255,0.35364784,0.90623436,0.58291522,0.42892538
-8.9863120,0.23546798,0.13472854,0.42142223,0.55077865,0.33064961,0.23263091E-1,0.45575976,0.45585028,0.47855398E-2,0.10968732,0.13106671,0.32001148,0.88807893,0.39447732,0.59384261
-7.3808869,0.55091947,0.14324080,0.28132363,0.60834663,0.20612472,0.14251065,0.11242670,0.34291552,0.71769386E-1,0.53572810E-1,0.12287900,0.32998603,0.89032155,0.42352163,0.41509685
-11.293097,0.62411002,0.11634002,0.41706829,0.75083164,0.93517017E-1,0.86643745E-1,0.36045000,0.37092920,0.68936761E-1,0.12619765,0.92540665E-1,0.37767910,0.87091137,0.61678486,0.79570555
-11.049345,0.87372876,0.11189396,0.35875003E-1,0.55283347,0.69696709,0.22547675,0.14330482,0.25323618,0.29143033E-1,0.20962502,0.17248651,0.34115979,0.88987316,0.46962061,0.60866216
-5.7849532,0.49273310,0.15737458,0.29225949,0.64619751,0.16391333,0.93747011E-1,0.35618407,0.26364749,0.28466252E-1,0.49793412E-1,0.48233939E-1,0.37903307,0.87237851,0.37560035,0.28917910
-6.5287935,0.45026671,0.10025082,0.27208276,0.61394386,0.17843193,0.30419626E-1,0.27803303,0.29143413,0.18891281E-1,0.83233971E-1,0.87470394E-3,0.34151845,0.88150322,0.52301209,0.71730960E-1
-5.9718321,0.60881439,0.15857451,0.22376788,0.63950680,0.16137178,0.99749488E-1,0.13866779,0.33305952,0.76277336E-2,0.72371118E-1,0.60355116E-1,0.34546994,0.85725470,0.39083265,0.83755321
-9.5944629,0.47035722E-1,0.19639559,0.66915472,0.50505872,0.17926484,0.19677777,0.22365636,0.53654359E-2,0.13099278E-3,0.16713810E-1,0.12714952,0.36294526,0.85771435,0.30935890,0.49877299
-11.001925,0.28504485,0.99643754E-1,0.31728866,0.54235040,0.29158934,0.61632740E-1,0.27612347,0.41963182,0.98979437E-2,0.13698735,0.14434886,0.32207574,0.85589673,0.23834554,0.18821720
-9.5147914,0.77924482,0.19641687,0.38801969,0.51275334,0.63891091,0.87295041E-1,0.20045983,0.15921161E-1,0.14707044E-2,0.18692078,0.10162270,0.33049580,0.91135356,0.36249437,0.12237681
-9.5033123,0.13137307,0.12204325,0.49333461,0.41319763,0.33852286,0.92289913E-1,0.17338587,0.27491267,0.13700316E-1,0.13761246,0.87467503E-1,0.30063324,0.94118019,0.41442527,0.61646692
-11.426155,0.79979701,0.11788292,0.15740323,0.65746303,0.21645901,0.51534092E-1,0.31448127,0.31148118,0.74871741E-1,0.94050605E-1,0.22667026,0.30424166,0.91076509,0.46735326,0.35107525
-9.3981372,0.27512125,0.16842660,0.51038612,0.57904286,0.13472411,0.28254685,0.38689058,0.32586923,0.81905269E-1,0.74585217E-1,0.77265272E-1,0.38126877,0.86060785,0.51887672,0.10155017
-9.9676264,0.64162605,0.18569231,0.35424164,0.56835720,0.25631726,0.42047671E-1,0.16174847,0.25522344,0.27910160E-1,0.49004130E-1,0.14865254,0.32348012,0.87574953,0.54013321,0.54224654
-8.4826565,0.29157305,0.17992684,0.52204326,0.62287345,0.33372576,0.16526887,0.36310776,0.43768258E-1,0.13016920E-1,0.76530837E-1,0.81433829E-1,0.37731167,0.82481786,0.37581018,0.39366875
-5.5628636,0.20250984,0.13054421,0.42717050,0.53922533,0.16627397,0.12640097,0.33761372,0.25759425,0.34945226E-1,0.62854254E-2,0.23241099E-1,0.33562388,0.89352267,0.40443967,0.96261551E-1
-10.265035,0.39133213,0.13555827,0.23122029,0.52376094,0.28953826,0.39517709E-1,0.29471971,0.25000476,0.22818080E-1,0.86642667E-1,0.14739194,0.30279926,0.83912429,0.36363976,0.23836461
-9.3788333,0.21573686,0.11286228,0.23860789,0.57972028,0.28266922,0.17516923,0.13361174,0.41441110,0.16973512E-1,0.69333495E-1,0.39084238E-1,0.32069266,0.91948820,0.43091623,0.74506290
-10.776092,0.24954131,0.11428293,0.42359381,0.46470842,0.70694229,0.21232418,0.66790392E-1,0.59749291E-1,0.10543815E-1,0.20097732E-1,0.10270868E-1,0.31307860,0.90270931,0.59516872,0.26876116E-1
-10.362249,0.81582286,0.12006741,0.27671670,0.55030918,0.59404251,0.20861552,0.95946695E-1,0.79426527E-1,0.78934670E-1,0.10216174,0.64136529E-1,0.34861941,0.83077677,0.44290712,0.77108344
-7.7418726,0.24076216,0.16139252,0.67298352,0.48409802,0.36665763,0.75298664E-1,0.28516216,0.57212465E-1,0.11061652E-1,0.49521336E-1,0.55356852E-1,0.36862933,0.85653273,0.45324330,0.82613033
-6.2867423,0.24217745,0.15794564,0.43621217,0.61671212,0.22131966,0.10600854,0.32176053,0.23637224,0.15234261E-1,0.98439374E-1,0.35415217E-1,0.31651020,0.92643882,0.52038930,0.25099484
-6.0205900,0.38082645,0.13684361,0.48824947,0.64144667,0.92624568E-1,0.10599542,0.21836059,0.21841962,0.17951394E-1,0.44163116E-1,0.89095965E-1,0.35024072,0.90201978,0.45957667,0.38407436
-9.6822263,0.53115914,0.90382456E-1,0.19414860,0.57083380,0.15823855,0.37684151E-1,0.21926980,0.27613363,0.24289423E-1,0.84101064E-1,0.61471181E-1,0.29896287,0.94461772,0.57057827,0.26600690
-9.0281406,0.45571531,0.18101272,0.45273720,0.49928868,0.59967982,0.58053800E-1,0.24236343,0.27896408E-1,0.57245068E-1,0.38301159E-1,0.20318078E-1,0.36726510,0.87094681,0.24655846,0.46833025E-1
-8.0175728,0.13468282,0.19351992,0.47593788,0.61257498,0.24315461,0.11701393,0.30973718,0.13815346,0.33954833E-1,0.12087399,0.13705374,0.33907719,0.87214139,0.40034439,0.45263256
-13.006104,0.42498175,0.14305309,0.73294071,0.52994434,0.62225125,0.81589384E-1,0.19844296,0.11181817,0.26936860E-1,0.11973092,0.19410838,0.33459682,0.92186019,0.46424769,0.16972904
-11.566311,0.45300465,0.13600991,0.45904504,0.40304730,0.72725607,0.45613930E-1,0.34235700,0.16959683,0.13764362,0.31752193E-1,0.42722464E-1,0.30389070,0.90681358,0.40410967,0.25951786E-1
-7.2950281,0.13950983,0.19841741,0.46083726,0.58692506,0.25277660,0.16495953E-1,0.46972456,0.18904590,0.58309602E-1,0.13412075,0.68733698E-1,0.35105240,0.87725146,0.43807794,0.61287079
-12.616079,0.55934028,0.16438574,0.28074168,0.52959282,0.60074519,0.38027618E-1,0.49473526,0.40753835,0.11199455,0.34050829E-1,0.19219050,0.36184765,0.90497925,0.38212820,0.33640140
-11.219553,0.54019150,0.12793853,0.11792881,0.63157614,0.13765654,0.18752052,0.23693189,0.62677657,0.43710655E-1,0.17324394,0.10134157,0.34219608,0.86320883,0.48329963,0.38718511
-7.7445509,0.33850312,0.18299549,0.42920399,0.55797271,0.15246553,0.17288368,0.36340773,0.26501631,0.54791747E-1,0.15171843,0.66079873E-1,0.34780734,0.88155137,0.44071402,0.24578143
-6.2409670,0.37437899,0.18275159,0.49967059,0.57234590,0.42167049,0.13954251,0.13979451,0.19978921E-1,0.15911152E-1,0.76207807E-2,0.45080002E-1,0.35700954,0.89286061,0.46682880,0.43162732
-9.1860994,0.30142804,0.94715061E-1,0.57852738,0.42856306,0.54712817,0.18765774,0.13780835,0.18453775,0.19568821E-1,0.21487933E-1,0.43834475E-1,0.37060911,0.82506858,0.38217787,0.54762651
-10.304684,0.33914844,0.19298593,0.57719359,0.54267309,0.57802418,0.17248465,0.21627612,0.68992388E-2,0.53475757E-1,0.16556631,0.18501744,0.35284027,0.87067203,0.39785673,0.19694421
-6.1191286,0.24531266,0.16412947,0.47661187,0.51965939,0.36985081,0.88545435E-1,0.41929537,0.17278011,0.33834208E-1,0.50497391E-1,0.54127466E-1,0.36380401,0.84908969,0.33616623,0.14257908
-7.7783654,0.61070978,0.19566157,0.46538488,0.54688880,0.66804315,0.69702208E-1,0.34847320,0.80254390E-1,0.86287947E-1,0.12564338,0.11539220,0.34256944,0.89501491,0.47647812,0.45866629
-8.6821901,0.64518574,0.15408715,0.12979004,0.52067761,0.37830723,0.16420907,0.28143389,0.34160781,0.35859169E-1,0.59500349E-1,0.19761888,0.33586443,0.90102019,0.36282760,0.14955845
-6.7287689,0.58361500,0.17933746,0.52331576,0.57448362,0.33839588,0.88552010E-1,0.22485711,0.26198223E-1,0.39883089E-1,0.30857578E-1,0.12424977E-1,0.37124898,0.82635336,0.44471576,0.55440177
-11.512595,0.70794209,0.18669714,0.31372206,0.55385864,0.38076060,0.61798186E-1,0.45660437,0.21239472,0.11304551E-1,0.19882834,0.53648816E-1,0.36078783,0.85524955,0.38734332,0.51993785
-7.2306904,0.35545519,0.18793351,0.44997253,0.56229836,0.22318157,0.28216481E-1,0.23955619,0.22286704,0.36107670E-1,0.21387822E-1,0.63015918E-1,0.30962616,0.92261646,0.54062824,0.49051841
-12.373753,0.27941635,0.18659018,0.81195527,0.55412545,0.26814488,0.81820451E-1,0.46244186,0.42508997E-1,0.89014341E-1,0.57014025E-2,0.23936826,0.33067926,0.92980071,0.49787000,0.24046593
-8.9459932,0.42822597,0.19734361,0.38427376,0.64278884,0.25120090,0.30612425E-1,0.31101496,0.14562912,0.11990745,0.74794310E-1,0.48475988E-1,0.34850370,0.90285707,0.26263190,0.34968834
-8.1503442,0.71225251E-1,0.11466449,0.38286453,0.56340613,0.11244981,0.71230091E-1,0.39609676,0.29023186,0.73020967E-2,0.14637464,0.18097441E-1,0.37142884,0.87628890,0.36199093,0.65180777
-6.0119689,0.30560325,0.14310662,0.42081710,0.51788341,0.37364985,0.89489908E-1,0.29601114,0.19607707,0.24132357E-2,0.29702291E-1,0.74788996E-1,0.34443633,0.87121947,0.52393134,0.70985436
-9.4595248,0.43944013,0.19253094,0.51590293,0.52226940,0.67812626,0.45322876E-1,0.37815110,0.84822311E-1,0.18374099E-1,0.19254986,0.98471256E-1,0.33593220,0.84874183,0.37936702,0.57552715
-12.294843,0.28439415,0.95352885E-1,0.54997122,0.36820315,0.77363967,0.22974709,0.22543943,0.20477332,0.17397360E-2,0.11340829,0.13451818,0.33419816,0.93907656,0.43742157,0.79901453
-7.6651713,0.49087070,0.21673468,0.45253646,0.67159714,0.42466181,0.15161500,0.37190310,0.21366770E-1,0.35126530E-1,0.35925556E-2,0.28616758E-1,0.36904763,0.86353365,0.46612815,0.33481025
-7.6096191,0.77284792,0.19064843,0.39585925,0.71590727,0.27416961,0.73178251E-1,0.29553592,0.77632466E-2,0.41573986E-1,0.17884976E-1,0.14455489,0.37354735,0.81657768,0.48095995,0.92628763
-13.132231,0.80720661,0.19988342,0.21142992,0.58293988,0.53422652,0.14374466,0.32447048,0.21921970,0.26896942E-1,0.13748360,0.10222223,0.39292272,0.86426391,0.25523148,0.44280657
-8.5900845,0.68693010,0.13797941,0.15277532,0.60745731,0.13006940,0.93047899E-1,0.38663793,0.37193836,0.41025850E-2,0.12583740,0.11512505,0.37977787,0.87574981,0.39057394,0.75159424
-5.9873504,0.53339776E-1,0.20490598,0.59181956,0.65971634,0.63848809E-1,0.33000487E-1,0.41163607,0.11931199,0.56661496E-1,0.48252520E-1,0.17382102E-1,0.34948216,0.83369784,0.42245839,0.12439518
-10.228132,0.64795223,0.11865545,0.30302496E-4,0.55061232,0.30321891,0.80451370E-1,0.16472482,0.35998010,0.12977633,0.14987693,0.98980389E-1,0.31988396,0.88353977,0.35321938,0.46061828
-6.4299305,0.35953013,0.12317865,0.30557855,0.62499170,0.12948841,0.19429875E-1,0.22564652,0.24471949,0.68435360E-1,0.79820077E-2,0.31986150E-1,0.32404862,0.91388917,0.51407167,0.55600238
-5.2428367,0.30785781,0.16925610,0.53140704,0.64306593,0.12770487,0.38267476E-2,0.40619615,0.22631153,0.53944645E-1,0.11173195,0.84248129E-1,0.33629601,0.87510433,0.45306963,0.33377762
-14.342786,0.69790736,0.10757259,0.72124457,0.46225203,0.65257701,0.91753810E-1,0.23687103,0.78612521E-1,0.10364616,0.14067026,0.96158196E-1,0.33463623,0.89427377,0.47058536,0.53962585
-10.665369,0.47362106,0.17678309,0.27549339,0.74129049,0.12599123,0.86982402E-1,0.44655537,0.47064772,0.96214486E-1,0.16443039E-1,0.75727751E-1,0.38679751,0.84648157,0.49720970,0.29239853
-8.2173921,0.51354590,0.16205509,0.45785659,0.48999075,0.62795731,0.40366990E-1,0.34815623,0.16370509,0.38002678E-1,0.61045429E-1,0.23521468,0.31785070,0.93181049,0.53368840,0.13358948
-9.1347672,0.50500621,0.11610896,0.60654134,0.48150305,0.38490270,0.13607427,0.18113426,0.15863662,0.49486163E-1,0.52540419E-1,0.88911373E-1,0.35777705,0.82361958,0.41929952,0.75883352
-9.4893253,0.14426457,0.14547669,0.38820527,0.60346666,0.96598818E-1,0.11025839,0.25454567,0.35433440,0.56195595E-1,0.11780422E-2,0.91779652E-1,0.36623794,0.80998248,0.36644087,0.57584606
-10.722082,0.11115602,0.19129370,0.66291981,0.55787765,0.29370133E-1,0.15132460,0.29188986,0.14801485,0.98093945E-1,0.88346800E-1,0.11052441,0.36255886,0.87693451,0.39409023,0.29807318
-9.8449550,0.61656401,0.69366968E-1,0.82996349E-1,0.50778451,0.43217799,0.79903982E-1,0.30179485,0.51385450,0.66407117E-1,0.18644195,0.17211954,0.32872768,0.86462916,0.48056417,0.25456187
-8.7178109,0.62052382,0.16544593,0.18710547,0.53190047,0.26159105,0.58630618E-1,0.26363002,0.39862608,0.52452377E-1,0.85817711E-1,0.36721452E-1,0.32044981,0.94358175,0.41286635,0.17731525
-9.2008467,0.74624163,0.13893934,0.34490818,0.46367369,0.73444647,0.77726504E-1,0.21530771,0.20363752,0.59448145E-1,0.50855091E-1,0.20759422E-1,0.33740405,0.87260557,0.45395638,0.85017789
-6.9946930,0.76090789,0.20309579,0.18546870,0.71954491,0.10182412E-2,0.68559502E-1,0.32577046,0.34279493,0.25693329E-1,0.40247287E-1,0.93856499E-1,0.35001392,0.85434834,0.48432697,0.29434850
-10.931746,0.50851241,0.15192892,0.29344484,0.57198872,0.64645496,0.14819547,0.35372972,0.33675940,0.93207392E-2,0.16645937E-1,0.23014294E-1,0.35793271,0.89551718,0.54139857,0.44235224E-1
-9.3695082,0.34317518,0.13362683,0.17040324,0.65430837,0.10461038,0.88233926E-1,0.18186725,0.30942714,0.85432543E-1,0.17159347E-1,0.38248623E-1,0.32623314,0.93233648,0.46674946,0.63448174
-11.790308,0.45358253,0.12177247,0.27540552,0.59354714,0.26931887,0.79045467E-1,0.43065954E-1,0.39644346,0.43890351E-1,0.96461162E-1,0.32734237E-1,0.29340615,0.94175308,0.57385378,0.66803869
-9.0471229,0.89143011,0.19979909,0.34536992,0.71581655,0.55441678,0.23756872E-1,0.37981782,0.19262449E-1,0.29034999E-1,0.87641144E-1,0.77728763E-1,0.34302857,0.86441299,0.58906028,0.31719316
-13.223202,0.35564555,0.15265967,0.22024730,0.59647881,0.24525629,0.11243002,0.34314341,0.20576280,0.66247807E-1,0.14054442,0.15345219,0.34353909,0.83781218,0.35476121,0.31364869E-1
-11.503279,0.14711522,0.18102244,0.50602730,0.50048629,0.43214302,0.24428295,0.27914036,0.13074887,0.13724135,0.10103152,0.15643070,0.35397206,0.87468206,0.39092077,0.34786438
-9.1767198,0.70718309,0.23029704,0.43669134,0.68732861,0.38921004,0.45371552E-1,0.28108788,0.10484395,0.26763515E-1,0.58009213E-1,0.83708193E-1,0.37246639,0.86753523,0.42384267,0.43016961
-10.124271,0.65042924,0.14534230,0.16447184,0.59280617,0.15705041,0.44359642,0.93473179E-2,0.39646003,0.10749044E-1,0.22478682E-1,0.44559291E-1,0.38540602,0.86123128,0.42378670,0.94718578
-6.2265141,0.72255687,0.12739432,0.23374469E-1,0.64992776,0.17958435,0.13346304,0.22436333,0.31128515,0.21973016E-1,0.20721521E-1,0.83811409E-1,0.35381734,0.87944545,0.46585658,0.10169056
-9.9231495,0.69953381,0.17032372,0.24421356,0.66437589,0.47108503,0.35416413E-1,0.39830825,0.32875932,0.38934082E-4,0.12460881,0.10224054,0.31147166,0.90840030,0.48083318,0.81466657
-8.7609297,0.31208021,0.13599314,0.34148105,0.60421296,0.21396183,0.41524347E-1,0.34165212,0.21070104,0.43528523E-1,0.10351411,0.45810108E-1,0.32235453,0.95368905,0.55148122,0.12816168
-11.242603,0.44681532,0.24432802,0.36374377,0.61252178,0.24764775,0.42874059E-1,0.33458497,0.20581260,0.58966686E-1,0.49213829E-1,0.97878741E-1,0.32893712,0.83767997,0.43283074,0.59137485
-9.7614513,0.74351157,0.12362351,0.43204946,0.53571002,0.44832306,0.17580823,0.73408263E-1,0.18882432,0.16200416E-1,0.40351138E-1,0.25653756,0.34510061,0.85930555,0.44258693,0.88850306
-10.261486,0.34680664,0.16960294,0.53009419,0.50868520,0.30931964,0.26287556,0.12723612,0.73905515E-1,0.41447815E-2,0.19186950E-1,0.11145952,0.34662969,0.82978691,0.29785225,0.67279638
-12.187435,0.62603507,0.14062992,0.31205158,0.62836829,0.34092576,0.19658256,0.48153397E-1,0.87284026E-1,0.83130590E-1,0.93758809E-1,0.11908293,0.32751724,0.83080594,0.51125734,0.52070825
-11.171604,0.26109787,0.99044520E-1,0.27420795,0.45819730,0.28402767,0.12628350,0.34024027,0.38766055,0.10410252,0.49916187E-1,0.68682209E-1,0.33080227,0.92832532,0.57881666,0.79323148E-1
-12.946771,0.66785363,0.16081467,0.49920554,0.60023262,0.60074769,0.13691306,0.46893940,0.20816326,0.77237089E-1,0.14949940,0.16446704,0.38733923,0.83576142,0.58838415,0.52308303
-8.3231116,0.32638398,0.16218630,0.56105117,0.64736119,0.25522078,0.95605627E-1,0.40823498,0.18470687,0.81214728E-1,0.11034476,0.12185471,0.34824180,0.84856504,0.47767623,0.62328103
-8.2415745,0.41484172,0.12984934,0.15931810,0.51038218,0.27187351,0.17636220,0.24285484,0.41626610,0.88252935E-1,0.14941302,0.36354623E-1,0.34360237,0.89731667,0.39075195,0.77242615E-2
-7.4681463,0.46223888E-1,0.14823565,0.45822348,0.50610148,0.16380619,0.30292321E-1,0.33503756,0.20119235,0.61440908E-1,0.60959491E-2,0.64697153E-1,0.33307398,0.90846161,0.42668994,0.96383569
-9.1095649,0.87022339,0.16745828,0.12689451,0.69381960,0.29948617,0.64580459E-1,0.12903189,0.23259334,0.78358999E-1,0.23106420E-1,0.10126609,0.34300712,0.83910938,0.45484692,0.32219696
-5.4053537,0.41952475,0.17448131,0.38699372,0.56396630,0.21724647,0.82303727E-1,0.15402931,0.16779228,0.55375677E-2,0.56442216E-1,0.44664326E-1,0.32648845,0.91181497,0.37260923,0.57216799
-10.260043,0.46549878,0.16857759,0.58846332,0.56815135,0.31990121,0.13059069,0.14966820,0.23989430E-1,0.53911168E-1,0.32080366E-1,0.13132293E-1,0.38171339,0.81376434,0.33100908,0.16669548
-8.0794191,0.38888873,0.22954277,0.49199524,0.68652571,0.21704228,0.30428546E-1,0.30835410,0.20617946E-1,0.73203789E-1,0.43973935E-1,0.87290156E-2,0.33892841,0.89552395,0.26406873,0.51543751
-7.3918518,0.32652738,0.18149959,0.44346506,0.61274241,0.24495940,0.20177170,0.27430480,0.13740729,0.79117509E-1,0.68213741E-1,0.21808395E-2,0.37068919,0.84670562,0.42783114,0.17837421
-7.0949853,0.82763780,0.19860854,0.31096830,0.64157635,0.32419569,0.87328443E-1,0.22327524,0.88816399E-1,0.17289411E-1,0.63691204E-2,0.13549684,0.31800654,0.90672583,0.58141042,0.14753751
-11.807226,0.59486287,0.14712952,0.20800169,0.59669252,0.19962672E-1,0.18855897,0.38439586,0.31406481,0.62308183E-1,0.16162648E-2,0.22595546,0.35772729,0.88696586,0.55022150,0.50854631
-7.6106686,0.31567533,0.16387711,0.45201151,0.58447325,0.37921929,0.17124583,0.16799658,0.18367750,0.55376502E-3,0.27759993E-1,0.92379492E-1,0.32364198,0.86520000,0.47818523,0.78478094
-11.648164,0.48413026,0.14382622,0.14525030,0.55353140,0.38007707,0.35399713E-1,0.37223313,0.23521099,0.87174165E-1,0.14603519,0.50053188E-3,0.32766122,0.82502905,0.42189544,0.36166136
-13.045680,0.76879090,0.13547394,0.16018640,0.56408948,0.57599628,0.44574168E-1,0.34125924,0.14173844,0.21615551E-1,0.13659288,0.71312043E-1,0.39182212,0.79472873,0.33339686,0.67278929
-4.9728782,0.41868043,0.17701854,0.36258874,0.54447257,0.45060229,0.49096067E-1,0.28491042,0.19455914,0.19157601E-1,0.38605595E-1,0.51078752E-1,0.32877710,0.88102697,0.43201039,0.57196026
-12.136047,0.32469310,0.13082936,0.60433459,0.47880295,0.29427508,0.79150267E-1,0.22061521,0.14702308,0.12375823,0.31093247E-1,0.11772760,0.30187488,0.85732155,0.46893011,0.18272681E-1
-10.545323,0.62477541,0.14000403,0.45117692,0.58223668,0.42515124,0.26682603,0.28633434,0.83875365E-1,0.75575003E-2,0.12486843,0.93755838E-1,0.38540439,0.85668748,0.59078787,0.42044150
-8.2586753,0.46174382,0.22886998,0.48525125,0.61128812,0.27298587,0.89360883E-1,0.27339455,0.92327098E-2,0.66805969E-1,0.71077111E-1,0.11907660,0.34982049,0.88257827,0.29239287,0.21203784
-9.0038706,0.54009956,0.22575941,0.56723985,0.67983429,0.41240251,0.18545118,0.34210931,0.63597852E-2,0.87550017E-1,0.38729978E-1,0.10321861,0.37106731,0.84974241,0.53921852,0.63962203
-14.217989,0.60762232,0.62870858E-1,0.32259225E-1,0.55041754,0.13356187,0.12200797,0.34453160,0.61560404,0.15621655,0.10409860,0.17156300,0.37945081,0.83210800,0.45342396,0.62212741
-5.5069384,0.42807472,0.14357729,0.33188629,0.64112536,0.53866602E-1,0.62527365E-1,0.35417514,0.40796622,0.22160949E-1,0.52428181E-1,0.69152945E-1,0.34216670,0.91725289,0.54261558,0.78460635E-1
-8.2381321,0.31198800,0.14821199,0.30428677,0.62887787,0.11790613,0.99202912E-1,0.27307521,0.31304489,0.12018072,0.89785218E-1,0.12500227,0.33779656,0.88681679,0.39990930,0.25879565
-14.059597,0.83878317,0.14510949,0.96902661E-1,0.64611750,0.44937047,0.50385425E-1,0.22260085,0.17095486,0.85143031E-1,0.17684968,0.25687611,0.28122120,0.93323957,0.50083776,0.55803910
-12.644078,0.48000467,0.14024024,0.18960602,0.72409931,0.76602738E-1,0.22784933,0.36160037,0.32922513,0.82209580E-1,0.77695379E-1,0.12956585,0.34677963,0.87691626,0.56309727,0.98160000
-10.238450,0.54318645,0.21517672,0.34502668,0.63660971,0.64378982,0.53305245E-1,0.13961582,0.11543920E-1,0.12952731E-1,0.77493378E-1,0.39148012E-1,0.28671488,0.94113461,0.50034626,0.64259227
-8.0832124,0.69536836,0.14279585,0.38774852,0.58355852,0.27857451,0.14529193,0.17936927,0.30680261,0.29973962E-1,0.93480660E-1,0.65807756E-1,0.34807681,0.89805693,0.40822398,0.70453375
-11.006485,0.26053170,0.20184477,0.50253575,0.68987668,0.59013428E-1,0.25017180E-1,0.60905870,0.25032557,0.10342292,0.42003146E-1,0.14418182,0.38363414,0.88235566,0.62218650,0.47414385
-9.6019130,0.55808103,0.12932019,0.19352395,0.43071301,0.47829509,0.16684351,0.14463632,0.32077788,0.86097075E-1,0.13452008,0.64237574E-1,0.34026506,0.86511956,0.35475599,0.32919212
-11.664276,0.83193467,0.14466323,0.25920641,0.53199526,0.62753481,0.20145410,0.19132031,0.20780276,0.54624464E-1,0.13952631E-1,0.25657804,0.34697488,0.83951810,0.36903687,0.87192943
-8.4880977,0.14591883E-1,0.15299629,0.44431489,0.57939981,0.37648615,0.88672793E-1,0.15203897,0.17658419,0.43466002E-1,0.26370069E-1,0.20116676E-1,0.31754873,0.86173102,0.37395540,0.47883058
-5.3255873,0.51502173,0.14560110,0.38184962,0.63451160,0.11161655,0.27801523E-1,0.40701932,0.35361363,0.28975309E-1,0.22618290E-1,0.10590189,0.37730234,0.84304656,0.41755848,0.45361859
-13.562926,0.80453292,0.12897293,0.25609872,0.68964089,0.22631618,0.13091624,0.34513117,0.33364629,0.87512097E-1,0.12568333,0.81579492E-1,0.37113080,0.90576720,0.34667621,0.13609765
-5.5383549,0.60936633,0.11219380,0.15501183,0.58225075,0.23208239,0.11135785,0.20223446,0.36528023,0.28730964E-1,0.42518147E-1,0.11097093,0.31773882,0.92406370,0.53614393,0.40818580
-10.708352,0.83510409,0.13421726,0.24884496,0.59057474,0.63372964,0.10420246,0.38177919,0.12075680,0.56780800E-1,0.93989255E-1,0.95293819E-1,0.37753254,0.86647282,0.38804227,0.46446127
-7.6531160,0.65856841,0.12070951,0.16667558,0.58071825,0.17922453,0.25549062,0.17134659,0.32938919,0.24307454E-1,0.12063303,0.55245366E-1,0.35246750,0.90753142,0.47943651,0.39824489
-8.1149952,0.46361844,0.11065740,0.21229790,0.52306922,0.18137028,0.57277130E-1,0.28251868,0.51472922,0.70357317E-2,0.12932038,0.11633004,0.31307391,0.93304331,0.50260880,0.62855839
-6.0763843,0.27006054,0.12356819,0.42902188,0.42863150,0.55192607,0.56187934E-1,0.24784018,0.15620418,0.16509891E-1,0.91545201E-1,0.68459848E-1,0.32100112,0.88223030,0.35027233,0.13674164
-6.8225280,0.11161041,0.17619074,0.54568671,0.53221795,0.36794387,0.39187830E-1,0.28903835,0.15635514,0.82060568E-1,0.95178427E-2,0.38013508E-1,0.32641698,0.85094184,0.49549069,0.30211883
-15.798752,0.52899563,0.11271621,0.32893070,0.31229069,0.84128679,0.98390103E-1,0.38878762,0.26815301,0.30717046E-1,0.16147163E-2,0.17421360,0.35973862,0.86209064,0.31121646,0.16511660
-8.8456067,0.84559151,0.12920074,0.32215678,0.58691645,0.55211459,0.17137124,0.26310494,0.15631580,0.78949292E-1,0.19304145E-1,0.17697792,0.37697400,0.85352731,0.55256454,0.98630528
-8.4469741,0.77111556,0.16630593,0.35428246,0.75303785,0.14653286,0.47077652E-1,0.36987871,0.23508138,0.10118232,0.60613725E-2,0.75957474E-1,0.39347825,0.83749254,0.48238263,0.90157382
-8.3693638,0.79463349E-1,0.21316777,0.46480138,0.63261577,0.21733532,0.62926443E-1,0.41896316,0.11904260,0.50766525E-1,0.69723181E-1,0.12462290,0.31732300,0.91652950,0.48476413,0.41814428
-5.9272509,0.24993413,0.17671816,0.39599845,0.64040752,0.32179206E-1,0.10539839E-1,0.37462831,0.24202772,0.83983962E-1,0.12052759,0.46030300E-1,0.32417844,0.88608411,0.35383356,0.24458092
-7.2629579,0.66773772,0.16897737,0.21306268,0.60901787,0.85371625E-1,0.84528297E-1,0.27098405,0.40255412,0.37257818E-2,0.26968247E-1,0.63518546E-1,0.31245958,0.89379246,0.42215179,0.34513488
-11.158452,0.31738004,0.24221587,0.45042934,0.77905241,0.16063824,0.75411806E-1,0.35757990,0.21449399,0.58056163E-1,0.75240806E-1,0.30863677E-1,0.36037750,0.91176572,0.46378149,0.24756821
-10.322654,0.40659099,0.13784820,0.36331578,0.45817455,0.43105063,0.23981118,0.26803409,0.17713120,0.70612233E-1,0.13933624,0.26869759E-1,0.34443838,0.92082964,0.36969426,0.37153893
-8.9049850,0.58680865,0.18484767,0.54263054,0.65130397,0.76778653E-1,0.56673642E-1,0.22733360,0.12712386,0.40346413E-1,0.87707431E-1,0.83690350E-1,0.35467671,0.82185841,0.42867303,0.90703742
-9.8050817,0.30704372,0.14501639,0.52870174,0.38660403,0.56555780,0.77154015E-1,0.32015181,0.16957638,0.83483663E-1,0.77072034E-1,0.19707742,0.33760877,0.87494284,0.41844547,0.12740939E-1
-10.320145,0.87830884,0.13756074,0.14006785,0.66049490,0.28989380,0.67349613E-1,0.66058698E-1,0.82081767E-1,0.64272454E-1,0.40693878E-1,0.43048126E-1,0.31678152,0.92654366,0.56598729,0.90185087
-8.3624248,0.34510963,0.12977785,0.34346314,0.49460303,0.40574000,0.56777394E-1,0.11379837,0.13469238,0.16582573E-1,0.54973231E-1,0.12842295E-1,0.31130547,0.89081175,0.53478617,0.97510228
-12.432398,0.20755648,0.15959787,0.38579673,0.48930511,0.34673918,0.87186454E-1,0.10436679,0.15058467,0.39048802E-1,0.21787107,0.47039459E-1,0.30505403,0.87525970,0.26634175,0.93340213
-11.145804,0.31234321,0.14246404,0.51421210,0.47468460,0.10842264,0.11128687,0.36473800,0.23028948,0.88703458E-1,0.50594789E-1,0.91684267E-1,0.33236280,0.93335953,0.42527395,0.25674157
-13.190093,0.66621730,0.54602703E-1,0.14099667,0.54604341,0.30505248,0.24197464,0.26820127,0.49521011,0.85190812E-1,0.12565558,0.15241039,0.35367723,0.83735813,0.43011105,0.83242338
-7.6143147,0.23591944,0.16061053,0.56813878,0.58220083,0.10970080,0.10087617E-1,0.42208743,0.31319803,0.71001770E-1,0.10787925,0.20153648,0.33634977,0.88523754,0.45977797,0.16653298
-14.460268,0.89770169,0.14254891,0.55284606,0.52569152,0.85881222,0.59675608E-1,0.31548188,0.20061428E-1,0.23493834E-1,0.14394781,0.31421239,0.36989769,0.83750364,0.49440830,0.16835894
-12.504908,0.59395968,0.12089969,0.55823527,0.54458158,0.68277484,0.17083305,0.21455514,0.12506271,0.84068722E-1,0.52742247E-1,0.24221401,0.34629446,0.90558950,0.57966943,0.37291686
-12.002742,0.53225042,0.14023847,0.46256225,0.66249468,0.22861016,0.22582824,0.39974525,0.23819231,0.65796039E-1,0.10345551E-1,0.12332354,0.34137345,0.86983650,0.58405386,0.42831914
-8.5036812,0.46263526,0.14944144,0.28890389,0.56388797,0.25984363,0.54003074E-1,0.28198046,0.34114323,0.10812096,0.62177959E-1,0.55345546E-1,0.35116248,0.91271703,0.34733470,0.35187980
-9.5724704,0.24464216,0.21625906,0.56666554,0.59829788,0.64343753E-1,0.12474299,0.30230167,0.41835125E-1,0.27254245E-1,0.23835552E-1,0.13909103,0.32767679,0.91176626,0.59868804,0.51980687
-11.567369,0.91046400,0.20043366,0.40385305,0.63326614,0.44491978,0.12652644,0.22506231,0.20551831,0.19116801E-1,0.50357310E-1,0.20448467,0.37516672,0.85914654,0.40316438,0.97315591
-9.1578818,0.14636419,0.19973014,0.56591292,0.52658982,0.35742873,0.53186822E-1,0.30221536,0.15639530E-1,0.95112796E-1,0.11956680,0.38788588E-1,0.32616869,0.83867199,0.47843661,0.79073225
-13.858757,0.47124202,0.99319894E-1,0.29065579,0.42115520,0.61263601,0.89380627E-1,0.68681682E-1,0.21701433,0.27586447E-1,0.30806199,0.57889345E-1,0.30680752,0.91571125,0.28368260,0.55237400
-9.0421374,0.72481360,0.11308224,0.30639470,0.66562339,0.25022757,0.13693118,0.13830162,0.14433362,0.20608930E-1,0.44472514E-1,0.12103814,0.32992115,0.92620806,0.55044368,0.71571601
-10.255862,0.39526253,0.15456987,0.46949733,0.59251671,0.29362541,0.97460628E-1,0.59848895,0.39688164,0.34724005E-1,0.63782800E-1,0.77727406E-1,0.39214675,0.83795762,0.45157290,0.42434009
-8.4379600,0.73966825,0.13613868,0.25414689,0.68531382,0.14661757,0.13750327,0.22880873,0.26783082,0.98043273E-1,0.20220917E-1,0.17887941,0.34293486,0.89015492,0.56774294,0.31204978
-7.5173007,0.81642671,0.11870856,0.63228712E-1,0.61106221,0.24831820,0.27249769,0.53078046E-1,0.33877471,0.29943279E-1,0.82161415E-1,0.92144230E-1,0.35252963,0.89680811,0.48336462,0.75826317
-8.6881008,0.24605277,0.18749492,0.39394141,0.51275602,0.43092029,0.37356593E-1,0.26221402,0.27359372,0.13712953E-1,0.21129028E-1,0.14232044,0.29308199,0.91853086,0.40708661,0.73736712
-8.3940468,0.40096773,0.17938271,0.38240376,0.65480072,0.31711432,0.56070241E-1,0.40843208,0.29636704,0.10470652,0.10632549E-1,0.17005050,0.35672028,0.85958278,0.40865992,0.52745293
-6.0471839,0.22474804,0.15047853,0.48663820,0.65189550,0.12179146,0.15843259E-1,0.43355806,0.22846701,0.12217106E-1,0.11984721,0.87633150E-1,0.36438373,0.88270295,0.38110181,0.15119465
-8.0512654,0.52356363,0.18249676,0.32654283,0.57718293,0.47582219,0.16352015,0.31894592,0.12175589,0.41288410E-1,0.86168467E-2,0.65854453E-1,0.34386250,0.85161461,0.46281530,0.64872633
-9.9640153,0.23565649,0.12776298,0.37604682,0.41552137,0.53921415,0.79949307E-1,0.65250027E-1,0.12804788,0.60137580E-1,0.20034448E-1,0.54212685E-1,0.35219910,0.84500438,0.28677891,0.86365593E-1
-12.198413,0.35816286,0.11667035,0.95528658E-1,0.46948586,0.23029707,0.96498236E-1,0.22759385,0.56755608,0.19187323E-1,0.11318144,0.68555810E-1,0.29334013,0.93702337,0.55006037,0.77058070
-7.8738333,0.60646609,0.17040700,0.30945666,0.58297817,0.44843504,0.16785787,0.10042126,0.58899565E-1,0.16511356E-1,0.15749416E-1,0.10949484,0.36669037,0.87780484,0.43956103,0.26126793
-7.8723982,0.20598059,0.14542005,0.29239917,0.51683710,0.31420374,0.45020479E-1,0.22562208,0.28998864,0.29265981E-1,0.31194757E-1,0.41607288E-1,0.31546428,0.83826599,0.33444555,0.79656342
-8.0859832,0.61677557,0.16083573,0.21354221,0.57334211,0.23417216,0.13425886,0.17013977,0.36136311,0.68934756E-2,0.12844668,0.37567096E-1,0.35611517,0.83510728,0.43072031,0.55043984
-6.5429495,0.50477814,0.13013304,0.26732060E-1,0.66583879,0.18549249E-1,0.11181772,0.38002239,0.58590839,0.89024981E-1,0.27570864E-1,0.44592551E-1,0.33824350,0.89011055,0.45605031,0.22335706
-5.9886237,0.56306012,0.11975525,0.15537406,0.69603976,0.78058980E-1,0.17852193E-1,0.39841358,0.48012662,0.14343924E-1,0.41529363E-1,0.16375776,0.37604255,0.85116778,0.50715861,0.28227727
-7.5850060,0.70287172,0.17115109,0.17349304,0.71504383,0.25759072E-1,0.13151685,0.32205564,0.32140802,0.96514041E-1,0.58835191E-1,0.15794229,0.35820080,0.87855249,0.47862069,0.46852653
-12.350434,0.55624561,0.11173097,0.34564070,0.47914946,0.49512734,0.15636281,0.25382739,0.38412366,0.91967027E-1,0.15318000,0.12775574E-1,0.33914913,0.93813766,0.43073668,0.49111976
-5.4822083,0.52635374,0.20470191,0.44452426,0.68576106,0.25212695,0.75806853E-1,0.38100812,0.15326508,0.35092251E-1,0.22728270E-1,0.75548891E-1,0.33773656,0.90379470,0.52150606,0.49603439
-7.5719322,0.21089056,0.16337041,0.37463240,0.67484147,0.43846431E-1,0.73380645E-1,0.22548509,0.27540357,0.27960087E-1,0.12030475,0.54014638E-1,0.34355163,0.88771217,0.33670578,0.47005002
-8.6717794,0.74045013,0.18631793,0.30831830,0.67918649,0.17273650,0.13640394,0.30169708,0.20617895,0.69039944E-1,0.42230233E-1,0.40841361E-1,0.36242632,0.84656812,0.63528995,0.86716361
-11.143463,0.50631415,0.16061367,0.35889100,0.60265976,0.37992514,0.11413056,0.23564275,0.26273657,0.33849733E-1,0.12750431,0.22258747,0.35147328,0.90192792,0.55346618,0.32307382
-7.3675153,0.64415307,0.15835622,0.14755613,0.63035864,0.42756918,0.14732053E-1,0.34966887,0.29133396,0.61585960E-1,0.34128415E-1,0.13310971,0.30734668,0.91845172,0.59093091,0.57492160E-1
-8.9603287,0.29396793,0.17661026,0.55185877,0.67922968,0.10471528,0.40160884E-1,0.21770456,0.11693022,0.40180684E-1,0.66555645E-1,0.11633387,0.33270070,0.84831054,0.34352790,0.30614484
-8.2623603,0.56965000,0.21568619,0.53850541,0.65928956,0.29796920,0.51557662E-1,0.32576268,0.49592254E-1,0.36881698E-1,0.82069963E-1,0.13092939,0.32588249,0.90146420,0.63603742,0.72946394
-14.492778,0.67180514,0.13827624,0.23992170,0.68267725,0.36485739,0.50833547E-1,0.20397969,0.21126603,0.80755049E-1,0.12889244,0.17714415,0.27754241,0.89272043,0.61338617,0.14102619
-8.6893147,0.99234855,0.14410847,0.91568893E-1,0.66281620,0.41233211,0.50861908E-1,0.24607936,0.15568033,0.79677050E-2,0.99755343E-1,0.45896191E-1,0.33394187,0.87340845,0.59219205,0.44757276
-12.619226,0.72186522,0.93914967E-1,0.27921834,0.62895303,0.38629816,0.20843810,0.36569232,0.21590542,0.44704841E-1,0.17225620E-1,0.18166549,0.41020943,0.83335396,0.55979469,0.42754322
-14.151196,0.41953827,0.12433582,0.19988547,0.75331513,0.38321290E-1,0.59833654E-1,0.31056239,0.39704541,0.23965928E-1,0.29187922E-1,0.27793232,0.36080557,0.91978130,0.45697528,0.66063686
-14.551508,0.64969099,0.19774162,0.44944513,0.79569976,0.20966735,0.32165194,0.22418113,0.30454520E-1,0.40047501E-1,0.57630938E-1,0.18421729,0.36714639,0.91987743,0.60662395,0.77220519
-9.7931488,0.16055185E-1,0.12111766,0.54681753,0.55851715,0.12942519,0.20812918,0.37338329,0.17732031,0.39935963E-1,0.70542326E-2,0.11161473,0.39591909,0.82852614,0.35840281,0.15384277
-10.160339,0.45654203,0.14456781,0.17442864,0.56618831,0.38585980E-1,0.17726391,0.19752144,0.55194505,0.34925128E-1,0.28845707E-1,0.13772818,0.29862799,0.93768989,0.39065070,0.43060681
-8.9154008,0.50884927,0.16839498,0.23667678,0.51618656,0.22445875,0.14658952,0.16501468,0.37545445,0.16311869E-1,0.86246650E-1,0.12704911,0.32024381,0.91583611,0.39239457,0.78438495
-9.5800221,0.51723309,0.14790077,0.46063038,0.42009606,0.64933250,0.11382971,0.17920394,0.99186099E-1,0.71013965E-1,0.10840369,0.18984342,0.34901006,0.84348873,0.38351090,0.47372739
-9.4742535,0.31344028,0.18801871,0.60605313,0.50953144,0.53135135,0.18131408,0.23913559,0.11478922,0.36731595E-1,0.74400259E-1,0.56994001E-1,0.31965926,0.90412072,0.38500755,0.94941018
-5.7547441,0.39216033,0.19273447,0.42300555,0.64100045,0.24428723,0.30228181E-1,0.36784690,0.80427564E-1,0.70515858E-1,0.37719737E-1,0.11248973,0.34807167,0.88190356,0.47527646,0.46413429
-6.6208908,0.30562767,0.17695526,0.50036958,0.58118402,0.15728550,0.59409662E-1,0.30813981,0.19406686,0.52149715E-1,0.92696387E-1,0.11762157,0.35825859,0.86058704,0.45081597,0.31425222
-7.0871522,0.87095345,0.15582252,0.19001372,0.61493992,0.41639215,0.18080623E-1,0.19169962,0.18451637,0.51409221E-1,0.30167129E-1,0.15449352,0.32424698,0.89481045,0.44161019,0.21941446
-11.052645,0.81074308,0.15993394,0.17149687,0.78705628,0.40566259E-1,0.45259337E-1,0.39900155,0.58026281,0.28991117E-1,0.59597449E-1,0.65219365E-1,0.36035914,0.83633123,0.47838965,0.15844684
-10.198000,0.28302407,0.12036095,0.29101888,0.41637674,0.57145562,0.55866405E-3,0.37673954,0.37729382,0.31516394E-1,0.58758909E-1,0.15203296,0.29815051,0.91362716,0.32287558,0.71469428
