NumFuncCallTotal,NumFuncCallAccepted,MeanAcceptanceRateSinceStart,MeanAcceptanceRateSinceLastReport,TimeElapsedSinceLastReportInSeconds,TimeElapsedSinceStartInSeconds,TimeRemainedToFinishInSeconds
999,448,0.43211387,0.43168175,1.1158750,1.1158750,247.96337
1999,913,0.44661697,0.46110556,1.1089711,2.2248461,241.46038
2999,1307,0.43413915,0.40919601,1.0701818,3.2950280,248.81117
3999,1705,0.42287049,0.38907575,1.0938022,4.3888302,253.02056
4999,2106,0.41724273,0.39473732,1.0866499,5.4754801,254.51883
5999,2492,0.41232332,0.38773118,1.1327450,6.6082251,258.56935
6999,2882,0.40717885,0.37631717,1.0902429,7.6984680,259.42395
7999,3286,0.40535111,0.39255880,1.0868931,8.7853611,258.57194
8999,3676,0.40243329,0.37909367,1.0767581,9.8621192,258.42186
9999,4035,0.39965326,0.37463570,1.0738750,10.935994,260.09236
10999,4412,0.39758966,0.37695576,1.0920699,12.028064,260.59351
11999,4814,0.39757500,0.39741377,1.0713053,13.099369,259.01050
12999,5187,0.39584094,0.37503396,1.0783308,14.177700,259.15371
13999,5546,0.39419836,0.37284641,1.0915651,15.269265,260.05106
14999,5958,0.39393923,0.39031174,1.0782869,16.347552,258.03231
15999,6372,0.39472970,0.40658585,1.0711138,17.418666,255.94395
16999,6703,0.39259809,0.35849454,1.0970602,18.515726,257.71471
17999,7074,0.39135073,0.37014689,1.0836301,19.599356,257.46251
18999,7473,0.39191883,0.40214404,1.1374428,20.736799,256.75282
19999,7824,0.38984108,0.35036589,1.0799882,21.816787,257.02763
20999,8186,0.38893288,0.37076981,1.0697958,22.886583,256.69542
21999,8570,0.38869314,0.38365882,1.2547781,24.141361,257.55480
22999,8928,0.38806406,0.37422482,1.0806398,25.222001,257.28249
23999,9317,0.38778033,0.38125495,1.0697269,26.291728,255.89919
24999,9714,0.38752432,0.38138027,1.0869489,27.378677,254.46893
25999,10065,0.38633343,0.35656235,1.0769162,28.455593,254.26267
26999,10433,0.38615524,0.38152266,1.0709751,29.526568,253.48472
27999,10795,0.38529958,0.36219746,1.0737591,30.600327,252.86727
28999,11158,0.38418356,0.35293628,1.0756028,31.675930,252.20944
29999,11510,0.38334964,0.35916668,1.0720420,32.747972,251.76960
30999,11895,0.38346886,0.38704540,1.0736451,33.821617,250.51312
31999,12306,0.38377888,0.39338905,1.0699878,34.891605,248.64167
32999,12691,0.38324662,0.36621482,1.1341052,36.025710,247.84247
33999,13069,0.38304840,0.37650727,1.0987110,37.124421,246.94032
34999,13433,0.38281826,0.37499384,1.1304309,38.254852,246.52779
35999,13802,0.38257211,0.37395700,1.0883000,39.343152,245.71084
36999,14152,0.38211688,0.36572936,1.1152351,40.458387,245.42620
37999,14565,0.38258357,0.39985063,1.0906467,41.549034,243.71725
38999,14945,0.38251464,0.37989538,1.2179532,42.766987,243.39552
39999,15332,0.38259767,0.38583542,1.1898479,43.956835,242.74311
40999,15741,0.38271939,0.38758840,1.1049030,45.061738,241.20812
41999,16128,0.38268929,0.38145489,1.3279133,46.389651,241.24460
42999,16521,0.38273043,0.38445829,1.1087167,47.498368,240.00462
43999,16920,0.38309199,0.39863906,1.0915089,48.589877,238.58434
44999,17291,0.38303819,0.38067065,1.1135774,49.703454,237.74929
45999,17666,0.38272097,0.36844653,1.1475658,50.851020,236.99580
46999,18052,0.38278244,0.38561022,1.3324950,52.183515,236.88980
47999,18415,0.38249675,0.36906952,1.1148629,53.298378,236.13077
48999,18786,0.38233245,0.37444635,1.0772882,54.375666,235.07215
49999,19155,0.38205306,0.36836312,1.2033560,55.579022,234.57510
50999,19520,0.38184418,0.37140006,1.0777259,56.656748,233.59299
51999,19906,0.38192794,0.38619983,1.0750961,57.731844,232.29048
52999,20333,0.38262832,0.41904742,1.0687139,58.800558,230.38726
53999,20705,0.38240544,0.37059292,1.2340910,60.034649,229.91777
54999,21070,0.38214123,0.36787427,1.1441519,61.178801,229.18096
55999,21467,0.38241462,0.39745088,1.0694091,62.248210,227.72342
56999,21867,0.38254935,0.39009372,1.0725110,63.320721,226.25133
57999,22263,0.38263907,0.38775354,1.0826769,64.403398,224.88106
58999,22646,0.38252165,0.37571130,1.0659862,65.469384,223.62972
59999,23054,0.38278239,0.39816577,1.0754797,66.544864,222.10294
60999,23416,0.38265392,0.37494547,1.0743763,67.619240,221.15442
61999,23816,0.38284382,0.39442762,1.1535487,68.772789,219.99438
62999,24207,0.38302285,0.39412279,1.4844110,70.257200,219.97786
63999,24594,0.38304164,0.38422519,1.3905571,71.647757,219.67434
64999,24958,0.38280820,0.36786809,1.1563261,72.804083,218.90232
65999,25338,0.38287296,0.38708260,1.0981588,73.902242,217.76341
66999,25687,0.38247504,0.35621274,1.0921962,74.994438,216.96040
67999,26052,0.38253329,0.38643596,1.1070750,76.101513,216.01239
68999,26412,0.38242848,0.37530144,1.1247618,77.226275,215.16459
69999,26833,0.38288406,0.41431894,1.0985122,78.324787,213.57246
70999,27203,0.38273283,0.37214690,1.0931489,79.417936,212.52757
71999,27600,0.38277528,0.38578861,1.2297840,80.647720,211.55416
72999,27997,0.38304204,0.40224913,1.1797249,81.827445,210.44474
73999,28395,0.38305393,0.38392144,1.0958240,82.923269,209.11149
74999,28760,0.38299769,0.37883571,1.0977280,84.020997,208.12433
75999,29142,0.38304123,0.38630736,1.0951121,85.116109,206.95756
76999,29510,0.38286867,0.36975378,1.2828028,86.398912,206.37951
77999,29893,0.38287913,0.38368469,1.0878673,87.486779,205.17966
78999,30262,0.38266387,0.36587419,1.0912440,88.578023,204.12577
79999,30645,0.38253323,0.37221230,1.0958669,89.673890,202.94771
80999,31040,0.38256721,0.38528575,1.0824912,90.756381,201.62887
81999,31401,0.38236191,0.36573259,1.0896208,91.846002,200.64787
82999,31774,0.38232214,0.37906123,1.0815198,92.927522,199.53651
83999,32139,0.38200863,0.35598725,1.0785952,94.006117,198.49246
84999,32530,0.38203006,0.38383072,1.0748959,95.081013,197.20615
85999,32907,0.38190678,0.37142770,1.0730822,96.154095,196.04542
86999,33286,0.38192299,0.38331717,1.0789387,97.233034,194.88087
87999,33651,0.38172813,0.36477536,1.0735102,98.306544,193.82904
88999,34024,0.38170377,0.37956003,1.0874851,99.394029,192.73514
89999,34421,0.38188816,0.39829858,1.0888989,100.48293,191.44040
90999,34810,0.38180452,0.37427707,1.0885160,101.57144,190.21667
91999,35208,0.38193191,0.39352504,1.0817971,102.65324,188.90902
92999,35578,0.38181554,0.37110965,1.0851948,103.73844,187.84186
93999,35933,0.38158081,0.35975070,1.0833852,104.82182,186.89282
94999,36301,0.38141861,0.36617185,1.1937199,106.01554,186.03025
95999,36695,0.38143085,0.38259409,1.1009920,107.11653,184.79390
96999,37082,0.38142500,0.38086348,1.0984590,108.21499,183.61121
97999,37463,0.38121951,0.36128715,1.0926261,109.30762,182.46725
98999,37852,0.38115416,0.37474939,1.0864689,110.39409,181.25256
99999,38253,0.38123486,0.38922444,1.0853810,111.47947,179.94726
100999,38621,0.38117519,0.37520843,1.0821600,112.56163,178.89025
101999,39016,0.38119825,0.38352670,1.0890031,113.65063,177.64174
102999,39388,0.38111742,0.37287267,1.0840878,114.73472,176.55887
103999,39748,0.38093791,0.36244914,1.0989349,115.83365,175.58643
104999,40116,0.38091674,0.37871524,1.0864971,116.92015,174.53501
105999,40479,0.38079243,0.36773993,1.1896350,118.10979,173.67061
106999,40847,0.38075672,0.37697158,1.0998600,119.20965,172.63467
107999,41252,0.38085249,0.39109967,1.1133692,120.32302,171.35500
108999,41632,0.38079681,0.37478294,1.2938750,121.61689,170.50669
109999,41997,0.38058354,0.35733723,1.1248829,122.74177,169.52142
110999,42379,0.38054759,0.37659300,1.1037519,123.84553,168.38772
111999,42770,0.38055362,0.38122335,1.1688151,125.01434,167.28012
112999,43151,0.38049117,0.37349653,1.1233931,126.13773,166.17932
113999,43541,0.38054358,0.38646618,1.1660569,127.30379,165.07303
114999,43894,0.38049917,0.37543600,1.1322460,128.43604,164.16896
115999,44266,0.38039116,0.36797095,1.1341319,129.57017,163.13793
116999,44622,0.38028742,0.36825320,1.1244962,130.69466,162.19822
117999,44974,0.38006062,0.35352571,1.1273038,131.82197,161.28509
118999,45296,0.37971796,0.33928405,1.2128260,133.03479,160.66618
119999,45644,0.37955853,0.36058680,1.1644011,134.19920,159.81359
120999,46047,0.37966178,0.39205132,1.1518700,135.35107,158.59005
121999,46410,0.37959564,0.37159309,1.1003671,136.45143,157.56157
122999,46783,0.37946329,0.36331670,1.1730781,137.62451,156.55182
123999,47159,0.37942044,0.37414983,1.1782777,138.80279,155.52658
124999,47526,0.37934304,0.36974524,1.1727490,139.97554,154.54859
125999,47921,0.37936755,0.38243133,1.1138651,141.08940,153.33142
126999,48293,0.37933730,0.37552588,1.1119580,142.20136,152.25407
127999,48683,0.37936080,0.38234510,1.1343727,143.33573,151.09093
128999,49055,0.37926736,0.36730809,1.0850680,144.42080,149.98507
129999,49406,0.37906720,0.35324679,1.3135340,145.73433,149.23861
130999,49767,0.37899669,0.36982998,1.2646813,146.99902,148.37546
131999,50131,0.37889317,0.36533235,1.1707718,148.16979,147.39541
132999,50531,0.37893819,0.38488078,1.1576741,149.32746,146.18908
133999,50909,0.37895110,0.38066821,1.1123569,150.43982,145.06750
134999,51282,0.37895457,0.37941960,1.1485910,151.58841,144.00929
135999,51667,0.37891255,0.37323903,1.0906079,152.67902,142.82685
136999,52045,0.37895235,0.38436555,1.2947083,153.97373,141.87357
137999,52421,0.37887798,0.36868907,1.3874707,155.36120,141.01086
138999,52814,0.37894467,0.38814871,1.4045792,156.76578,140.06040
139999,53194,0.37889533,0.37203597,1.0848660,157.85064,138.89456
140999,53545,0.37879231,0.36437032,1.0744641,158.92511,137.88152
141999,53933,0.37884085,0.38568430,1.0838757,160.00898,136.67205
142999,54320,0.37882812,0.37702117,1.1221943,161.13118,135.50206
143999,54688,0.37877077,0.37056892,1.1352599,162.26644,134.44662
144999,55067,0.37868705,0.36663153,1.0899808,163.35642,133.29388
145999,55429,0.37867213,0.37650866,1.1997330,164.55615,132.32121
146999,55838,0.37878401,0.39511854,1.3062322,165.86238,131.17974
147999,56210,0.37871766,0.36896457,1.0842831,166.94667,130.05861
148999,56569,0.37863955,0.36707892,1.1764758,168.12314,129.07699
149999,56967,0.37861184,0.37448321,1.0981920,169.22133,127.83018
150999,57349,0.37860569,0.37768384,1.1193211,170.34065,126.68397
151999,57727,0.37853772,0.36827365,1.2433920,171.58405,125.64956
152999,58116,0.37847875,0.36951531,1.1334240,172.71747,124.47688
153999,58494,0.37842805,0.37067144,1.1718760,173.88935,123.38789
154999,58873,0.37841384,0.37622590,1.0914438,174.98079,122.23659
155999,59284,0.37850043,0.39192130,1.0729363,176.05373,120.91295
156999,59661,0.37847896,0.37512911,1.1809919,177.23472,119.83492
157999,60021,0.37842936,0.37064290,1.0650411,178.29976,118.76253
158999,60378,0.37842287,0.37739753,1.0603158,179.36007,117.70189
159999,60728,0.37823034,0.34761760,1.0734069,180.43348,116.68396
160999,61113,0.37819355,0.37230822,1.3036799,181.73716,115.64173
161999,61533,0.37834621,0.40292317,1.6445072,183.38167,114.63999
162999,61887,0.37827892,0.36737874,1.2145350,184.59620,113.68325
163999,62288,0.37840813,0.39946963,1.1610370,185.75724,112.46592
164999,62664,0.37835686,0.36994791,1.0911109,186.84835,111.32660
165999,63070,0.37846322,0.39601217,1.2015862,188.04994,110.11074
166999,63424,0.37828124,0.34807356,1.0935497,189.14349,109.07720
167999,63805,0.37826986,0.37636966,1.2399690,190.38346,107.99983
168999,64175,0.37823333,0.37209545,1.2344782,191.61794,106.96864
169999,64569,0.37826470,0.38356723,1.3188729,192.93681,105.87037
170999,64942,0.37826851,0.37891596,1.1228380,194.05965,104.76029
171999,65324,0.37825911,0.37665126,1.0778351,195.13748,103.58501
172999,65706,0.37831412,0.38777560,1.0752647,196.21275,102.40952
173999,66071,0.37825461,0.36796058,1.0814531,197.29420,101.31517
174999,66472,0.37825508,0.37833648,1.0780821,198.37228,100.05756
175999,66872,0.37832515,0.39058719,1.0819571,199.45424,98.808470
176999,67249,0.37834224,0.38134923,1.0807319,200.53497,97.662728
177999,67618,0.37834429,0.37870826,1.0804381,201.61541,96.552843
178999,67996,0.37824538,0.36063881,1.1843550,202.79976,95.452727
179999,68360,0.37819757,0.36963923,1.1909080,203.99067,94.415811
180999,68751,0.37823439,0.38486210,1.1806719,205.17134,93.255361
181999,69108,0.37819444,0.37096407,1.1659470,206.33729,92.234930
182999,69506,0.37822336,0.38348687,1.0834239,207.42071,91.000593
183999,69887,0.37826447,0.38578676,1.0738361,208.49455,89.836399
184999,70285,0.37831206,0.38706862,1.0779510,209.57250,88.602787
185999,70669,0.37833284,0.38217766,1.0824702,210.65497,87.431844
186999,71052,0.37834009,0.37968833,1.1103439,211.76532,86.277407
187999,71432,0.37833336,0.37707553,1.1640599,212.92937,85.157442
188999,71815,0.37832035,0.37587394,1.3877912,214.31717,84.112363
189999,72179,0.37823786,0.36264686,1.2335370,215.55070,83.082837
190999,72578,0.37833053,0.39593792,1.1003499,216.65105,81.856832
191999,72964,0.37835168,0.38239255,1.2377832,217.88884,80.736289
192999,73338,0.37838692,0.38515161,1.1467531,219.03559,79.630299
193999,73745,0.37849954,0.40023488,1.2307429,220.26633,78.420131
194999,74114,0.37848712,0.37607779,1.1006758,221.36701,77.317462
195999,74478,0.37839283,0.36000620,1.0806332,222.44764,76.227996
196999,74880,0.37852077,0.40359690,1.1771510,223.62479,75.019428
197999,75266,0.37855209,0.38472333,1.2660120,224.89080,73.903876
198999,75657,0.37859387,0.38686609,1.2571511,226.14796,72.764181
199999,76008,0.37854789,0.36939677,1.1422880,227.29024,71.744389
200999,76358,0.37849052,0.36701762,1.1233299,228.41357,70.721518
201999,76736,0.37846679,0.37369712,1.1371400,229.55071,69.592731
202999,77116,0.37846689,0.37848673,1.0945230,230.64524,68.443456
203999,77486,0.37848136,0.38141948,1.2475219,231.89276,67.377766
204999,77871,0.37852319,0.38705582,1.2402112,233.13297,66.250587
205999,78246,0.37854806,0.38364658,1.1072919,234.24026,65.123618
206999,78642,0.37854690,0.37830705,1.2915752,235.53184,63.966951
207999,79032,0.37856750,0.38283271,1.3404260,236.87226,62.844640
208999,79414,0.37859815,0.38497193,1.5276258,238.39989,61.798928
209999,79768,0.37854994,0.36847556,1.2891190,239.68901,60.793651
210999,80132,0.37851230,0.37060697,1.2893388,240.97835,59.748387
211999,80512,0.37853588,0.38351094,1.3737583,242.35210,58.661539
212999,80881,0.37849413,0.36964458,1.4051018,243.75721,57.620381
213999,81280,0.37850103,0.37996980,1.1096442,244.86685,56.396499
214999,81683,0.37856516,0.39228824,1.2865191,246.15337,55.198649
215999,82054,0.37854644,0.37452318,1.2336900,247.38706,54.105932
216999,82462,0.37865069,0.40116899,1.1028349,248.48989,52.848776
217999,82846,0.37867178,0.38324703,1.0988050,249.58870,51.679557
218999,83208,0.37858920,0.36058701,1.0930641,250.68176,50.589465
219999,83602,0.37867484,0.39743071,1.1421859,251.82395,49.393664
220999,83946,0.37856642,0.35471428,1.1014409,252.92539,48.369955
221999,84317,0.37857203,0.37981133,1.1687481,254.09414,47.261624
222999,84685,0.37858035,0.38042619,1.0971677,255.19131,46.150497
223999,85067,0.37860655,0.38444898,1.1590483,256.35035,45.000762
224999,85440,0.37859247,0.37544076,1.1899369,257.54029,43.887952
225999,85814,0.37851432,0.36092920,1.1209641,258.66126,42.759556
226999,86187,0.37848453,0.37175307,1.3815172,260.04277,41.676480
227999,86543,0.37836204,0.35055704,1.1961007,261.23887,40.621327
228999,86905,0.37831117,0.36671206,1.2217660,262.46064,39.548036
229999,87305,0.37835021,0.38729089,1.2005970,263.66124,38.338920
230999,87667,0.37835938,0.38046792,1.1460490,264.80729,37.253108
231999,88047,0.37836982,0.38078211,1.1453190,265.95260,36.104938
232999,88405,0.37836644,0.37758088,1.1391151,267.09172,35.031146
233999,88767,0.37830431,0.36382924,1.1759450,268.26766,33.947871
234999,89142,0.37831672,0.38122017,1.3427761,269.61044,32.840077
235999,89491,0.37821713,0.35481342,1.0902798,270.70072,31.788603
236999,89849,0.37816071,0.36484558,1.0743828,271.77510,30.704728
237999,90184,0.37807478,0.35771047,1.0783072,272.85341,29.698495
238999,90536,0.37795975,0.35058097,1.0828662,273.93628,28.635382
239999,90923,0.37799982,0.38757843,1.2374589,275.17374,27.471069
240999,91303,0.37795092,0.36621492,1.1138959,276.28763,26.317575
241999,91692,0.37799774,0.38927999,1.0838442,277.37148,25.131988
242999,92023,0.37788468,0.35052441,1.1085126,278.47999,24.139996
243999,92402,0.37789678,0.38083828,1.1055901,279.58558,22.989667
244999,92769,0.37784172,0.36440708,2.0547891,281.64037,21.952824
245999,93150,0.37784149,0.37778392,1.2246840,282.86505,20.801134
246999,93530,0.37787363,0.38577923,1.5803180,284.44537,19.676698
247999,93894,0.37784173,0.36996411,1.1237261,285.56910,18.570781
248999,94268,0.37781062,0.37009591,1.2824898,286.85158,17.442115
249999,94633,0.37781590,0.37912840,1.1548040,288.00639,16.333946
250999,95016,0.37779931,0.37365227,1.1772354,289.18362,15.168931
251999,95406,0.37780921,0.38029551,1.3613577,290.54498,13.990353
252999,95780,0.37783865,0.38525806,1.1359003,291.68088,12.851256
253999,96146,0.37779105,0.36574609,1.1392629,292.82015,11.737658
254999,96499,0.37773263,0.36289614,1.1359689,293.95611,10.664777
255999,96878,0.37771770,0.37390993,1.1302459,295.08636,9.5094822
256999,97242,0.37771643,0.37739141,1.2620029,296.34836,8.4051005
257999,97617,0.37773612,0.38279650,1.1544063,297.50277,7.2625577
258999,97999,0.37774861,0.38097030,1.1403997,298.64317,6.0978682
259999,98372,0.37776601,0.38227217,1.0935671,299.73674,4.9604705
260999,98738,0.37773980,0.37092613,1.1073720,300.84411,3.8451788
261999,99135,0.37773712,0.37703714,1.0997610,301.94387,2.6346038
262999,99511,0.37768534,0.36411829,1.0735021,303.01737,1.4890363
263999,99905,0.37772562,0.38832044,1.1586597,304.17603,0.28924201
264245,100000,0.37771302,0.36419173,0.26386619,304.43990,0.0000000
