SampleLogFunc,Substrate Roughness,Oxide thick,Oxide Hydration,Lipid APM,Head Hydration,Bilayer Hydration,Bilayer Roughness,Water Thickness,Backs par D2O,Backs par SMW,Backs par H2O,Scalefactor 1,SLD D2O,SLD SMW,SLD H2O
-10.804436,0.17026100,0.20010245,0.63009848,0.53212993,0.24081524,0.22250785,0.27596547,0.19823197,0.62746096E-1,0.54357844E-1,0.15695497,0.35807598,0.91246096,0.39785955,0.22063590
-12.706556,0.51562151,0.18101593,0.36022650,0.58202171,0.37071293,0.15394654,0.38380789,0.77240477E-1,0.92760146E-1,0.78880885E-1,0.48687052E-1,0.31092999,0.92513139,0.44477716,0.13392268
-11.333449,0.45791695,0.22015398,0.48378815,0.56671110,0.27126385,0.10115650,0.24890051,0.15383075,0.36509576E-1,0.87579787E-1,0.19958227,0.36457736,0.84543359,0.40141918,0.28289800
-11.299963,0.46684073,0.10602390,0.54816713,0.47944042,0.33679322,0.21874372,0.21662917,0.22946178,0.59172413E-1,0.32347240E-1,0.22091724,0.34028702,0.84215816,0.53517837,0.10153151
-8.3327524,0.43987876,0.14035657,0.46738323,0.49320567,0.36899026,0.22505731,0.28399191,0.21029301,0.61503242E-1,0.43413988E-1,0.17495163,0.33592604,0.89363658,0.52197788,0.10272189
-11.523009,0.33633802,0.22450146,0.55547333,0.63512831,0.15922698,0.62907323E-1,0.27335560,0.17177186,0.10809776,0.16764853,0.88250995E-1,0.31401592,0.88958349,0.39563635,0.55620076
-7.5284683,0.36698772,0.19188280,0.51061927,0.55342989,0.33540134,0.14937454,0.27706329,0.23451727,0.24596850E-1,0.57325041E-1,0.16243557,0.32860284,0.90076347,0.43619280,0.30085080
-8.7487550,0.29041303,0.14487810,0.60160446,0.55270718,0.27466678,0.28655573,0.17501128,0.22796574,0.23681139E-1,0.57815848E-1,0.18086844,0.36117835,0.87211352,0.48139297,0.20761147
-8.9867011,0.33371910,0.19568598,0.56015475,0.57405625,0.21547235,0.21801480,0.25240806,0.15199547,0.10320578,0.10583534,0.80784682E-1,0.34215397,0.90639675,0.42193078,0.51096450
-15.453623,0.30571364,0.13173258,0.72857202,0.59859927,0.68468379E-1,0.93246852E-1,0.20060577,0.22835046,0.11242435E-1,0.64920630E-1,0.15032488,0.35608401,0.78960093,0.42890226,0.66136439
-7.6189023,0.24510088,0.15820313,0.60820874,0.54520645,0.13738790,0.86231692E-1,0.45197555,0.23156023,0.61414356E-1,0.80142815E-1,0.11452229,0.34476713,0.86717324,0.42644706,0.72777777
-10.692451,0.83490305E-2,0.12791425,0.60845118,0.63010759,0.90212325E-1,0.21927371,0.44931122,0.35790679,0.34758274E-1,0.15046065,0.11120579,0.37518295,0.88190677,0.59816232,0.30618809
-10.588545,0.75445522,0.13353492,0.38822086,0.63338763,0.35512739,0.17324393E-1,0.27951482,0.37933284,0.74644801E-1,0.61608032E-1,0.21396687,0.32642426,0.90430262,0.45868736,0.87706839
-6.6856462,0.30669701,0.15519670,0.42274801,0.59630516,0.34167158,0.14863394,0.35602281,0.29917034,0.35282147E-1,0.24611446E-1,0.91388858E-1,0.33153549,0.89747285,0.49519990,0.33074539
-7.3082652,0.50651393,0.20772277,0.46504736,0.63905595,0.10630123,0.67384322E-1,0.41960054,0.23000826,0.61739415E-1,0.90525374E-1,0.11666407,0.34919325,0.86540180,0.49695012,0.38591473
-7.8451443,0.22222413,0.14441989,0.55930558,0.58544637,0.21106735,0.13615851,0.31947052,0.22946059,0.61363136E-1,0.76612774E-1,0.16104571,0.37217357,0.83538489,0.37065104,0.66809326
-13.028458,0.46013982,0.25360148,0.45225975,0.65947229,0.13771572,0.25755064,0.52365211E-1,0.51545746E-1,0.70676497E-1,0.12858091,0.10752829E-1,0.35467456,0.88270792,0.40473744,0.28771456
-10.408341,0.57411774,0.19932587,0.61153877,0.66456986,0.79137161E-1,0.15354166,0.41767459,0.13735356,0.72903256E-1,0.15283554,0.15977834,0.36357204,0.88300290,0.54306541,0.65425702
-8.0539527,0.36168768,0.14053815,0.43098322,0.57165213,0.24345590,0.22677557,0.15739579,0.16541184,0.47059656E-1,0.40567674E-1,0.11541525,0.36974708,0.83156285,0.34833359,0.48049620
-8.3043814,0.16918619,0.12647820,0.35589165,0.49332414,0.31356826,0.54103199E-1,0.19416149,0.37096060,0.13636085E-1,0.16797932,0.13329532,0.32382233,0.88921610,0.38493954,0.36558987
-7.3910450,0.33397576,0.16237361,0.53084760,0.59710392,0.20804782,0.14222896E-1,0.49173994,0.23171390,0.17182179E-1,0.48424073E-1,0.14506319,0.33229910,0.91670415,0.41335554,0.75206355
-12.873060,0.13306143,0.87009738E-1,0.17889190,0.60666713,0.24756461,0.11320338,0.15247864,0.28279568,0.13869402E-1,0.78336894E-1,0.58277168E-1,0.35825375,0.87124253,0.38659881,0.59003727E-1
-7.4943617,0.59283176,0.17347243,0.30191286,0.62743996,0.74236232E-1,0.74744385E-3,0.43575104,0.21097591,0.51786125E-2,0.21563254E-2,0.12922548,0.34494048,0.88386485,0.45492068,0.62465488
-7.5290849,0.24614827,0.16884438,0.52466351,0.51622511,0.51944962,0.78075716E-1,0.27812595,0.18647155E-2,0.57694999E-1,0.31688728E-2,0.17458427,0.35128486,0.84255282,0.40173109,0.52490642
-9.5240688,0.30431264,0.14524859,0.29466448,0.65687619,0.15571876,0.21774644,0.19714767,0.37686226,0.37557946E-1,0.11882563,0.32361365E-1,0.32476126,0.92311096,0.44952562,0.35762661
-11.198516,0.62188266,0.15039228,0.31202647,0.65740313,0.20969911,0.98990990E-1,0.45097865,0.27093328,0.39796835E-1,0.48742336E-1,0.46967563E-2,0.32620196,0.95250346,0.53557347,0.41284958
-7.6376941,0.43032730,0.11055495,0.50699663,0.52337534,0.38174555,0.98890639E-1,0.31304650,0.27859916,0.32197140E-1,0.75663349E-1,0.17960358,0.34735835,0.88756433,0.42168716,0.98222528
-8.8206224,0.72767811,0.19252298,0.49904149,0.63914489,0.16351361,0.23132077,0.23073616,0.10691259,0.18641549E-1,0.13550971E-1,0.12128089,0.33637232,0.91529906,0.59063318,0.77870786
-6.8360440,0.54924395,0.14778489,0.40719886,0.54899673,0.25799792,0.15120101,0.34497190,0.17442445,0.41604998E-1,0.21011702E-1,0.42397566E-1,0.36170959,0.87689823,0.47081190,0.38906379
-10.341399,0.40397628,0.18493266,0.42376519,0.77025741,0.40152966E-1,0.15025007,0.39663072,0.27280707,0.12379551,0.12561507E-1,0.13383915,0.35490909,0.88350087,0.46180203,0.25160117
-9.5738034,0.41748232E-1,0.11267536,0.37121000,0.58027548,0.17373035,0.65130226E-1,0.46314918,0.45851109,0.60398101E-1,0.56818037E-1,0.12000926,0.38063733,0.89181457,0.41689395,0.75060619
-9.4677104,0.44473167,0.17306281,0.34205786,0.48228039,0.44352839,0.82163539E-1,0.11076857,0.97265484E-1,0.96095199E-1,0.28451786E-1,0.85821571E-1,0.29994780,0.90828965,0.25317165,0.21465045
-5.0678081,0.49779279,0.17209812,0.37275523,0.70524209,0.14123995,0.46928839E-1,0.38242679,0.28489267,0.27049575E-1,0.36927118E-1,0.48800931E-1,0.35690127,0.84164962,0.46738018,0.85254527
-16.848182,0.22524742,0.10781425,0.86006286E-1,0.39499015,0.51049383,0.90602073E-1,0.13222383,0.19818935,0.36336563E-2,0.13544787,0.32638117E-1,0.33650240,0.86502205,0.42890887,0.53534660
-9.7847707,0.94750961,0.21035312,0.26283839,0.74621003,0.31577024,0.10103261,0.26288758,0.21493277,0.61119775E-1,0.93330515E-1,0.67289148E-1,0.35568414,0.84274939,0.50351039,0.97705484
-8.7956517,0.73714687,0.23536050,0.41868462,0.67621547,0.39393551,0.36899029E-1,0.42822926,0.50150052E-1,0.67144738E-1,0.12214188,0.43006880E-1,0.37285244,0.85923302,0.40067702,0.45208606
-9.5059924,0.76086362,0.16743424,0.31027075,0.65967560,0.46635834,0.19458365,0.27352977,0.20259376,0.87852396E-1,0.47056746E-1,0.28889139E-1,0.35362350,0.88944382,0.57590889,0.39791204
-9.2704754,0.74504711,0.13149014,0.10391619,0.58794127,0.44819833,0.21887420,0.20862511,0.16851145,0.28470225E-1,0.37826114E-1,0.15167304,0.33315379,0.88958889,0.56017018,0.57171591
-8.6622788,0.33096973,0.13757305,0.43465072,0.46810491,0.23949467,0.10533706,0.26920621,0.10486074,0.30158654E-1,0.14059286E-2,0.47016528E-1,0.34575062,0.86548458,0.43748463,0.42696004
-16.530153,0.50874258,0.30366612,0.47067977,0.72500790,0.13291780E-1,0.13568171,0.67892066E-1,0.22310390E-1,0.12566647E-1,0.12493994,0.55601773E-1,0.28326268,0.93535163,0.33967166,0.14279847
-10.405698,0.40049453,0.11919199,0.38410394,0.60969838,0.35359027E-1,0.69659909E-1,0.61284994,0.47794512,0.20742541E-1,0.76221947E-1,0.11800021,0.39888913,0.88862719,0.42976093,0.70029832
-10.789153,0.31284227,0.15648618,0.46404658,0.43363149,0.64386458,0.90499599E-1,0.40209327,0.27799593E-1,0.73184176E-1,0.59666211E-1,0.39575726E-2,0.32469266,0.87546978,0.49147769,0.73359183
-8.2714803,0.54022240,0.90125560E-1,0.27417843,0.55826071,0.12535607,0.95388991E-1,0.38442382,0.51815682,0.50294033E-1,0.51474814E-1,0.13072526,0.34560131,0.88211435,0.56551223,0.47872661
-9.1293363,0.66415818,0.13760411,0.15369621,0.64349037,0.23671750,0.30906800E-1,0.31916453,0.15115461,0.99739530E-1,0.30010311E-1,0.95763365E-1,0.32701223,0.86060660,0.48842068,0.55745531
-12.129887,0.63283508,0.18385832,0.38400650,0.60101210,0.19441381,0.51446207E-1,0.27456094,0.10778126,0.12346683,0.23808851E-1,0.16405018,0.37805144,0.83115261,0.44890863,0.41337927
-5.6384722,0.60097472,0.12421044,0.13613301,0.61367923,0.34685295,0.50433964E-2,0.34650057,0.42629024,0.33307086E-1,0.11112621,0.88563719E-1,0.32031075,0.91051630,0.49501380,0.60755234
-14.191362,0.34757070,0.81335191E-1,0.18657666,0.48507415,0.55007243,0.27883242,0.39201485,0.36264453,0.21449468E-1,0.10166408,0.72670958E-1,0.37254208,0.83255412,0.47973571,0.51085294
-10.399288,0.50778796,0.11235506,0.32881524,0.49601147,0.63325445,0.22286194,0.10476583,0.31680156,0.12738519E-2,0.10536013,0.13540653,0.34116304,0.89577974,0.30389463,0.47246381
-11.164719,0.96980970,0.17939772,0.34569379,0.54817592,0.72489449,0.73956898E-1,0.33067294,0.70379010E-1,0.24691599E-1,0.29041544E-1,0.29710768,0.34659226,0.83565940,0.53516363,0.84605013
-11.540811,0.60000621,0.17040645,0.17166590,0.48393880,0.56751297,0.55667127E-1,0.17071013,0.30580098,0.88690899E-1,0.40452492E-1,0.14490522,0.30808848,0.93144639,0.20798517,0.37459028
-15.054191,0.77397205,0.21953064,0.33365308,0.78230110,0.56146031E-1,0.78391715E-1,0.46147358,0.30686008,0.13738524,0.14999623,0.24966385,0.32429779,0.90607007,0.63363992,0.11423288E-1
-10.002823,0.33227656,0.66848955E-1,0.10261302E-1,0.61246764,0.84768230E-1,0.14898269,0.15316887,0.57898336,0.20513433E-1,0.22625076E-1,0.10486235,0.36403210,0.87203154,0.46748589,0.40290390
-10.162871,0.20404962,0.15964462,0.52288988,0.63155551,0.17219270,0.23315461,0.31050621,0.22330758,0.19965803E-2,0.71603630E-1,0.16507326,0.35833798,0.88844891,0.35121981,0.90372159
-10.959390,0.34360777,0.97017352E-1,0.46861196,0.34003110,0.69380021,0.28316336E-1,0.18067341,0.12883974,0.41327567E-1,0.61589411E-1,0.11520326,0.28642072,0.89897809,0.46976567,0.12099348E-1
-16.802972,0.52815476,0.12305096,0.25658484,0.61310424,0.31038729,0.24782592,0.16564297,0.47888647,0.11948313,0.16748442,0.19283424E-2,0.34766792,0.93066839,0.46328882,0.44924454
-9.8707951,0.66450207,0.92644407E-1,0.86052821E-1,0.41003070,0.75287621,0.26461037,0.24813992E-1,0.28096984,0.24128542E-1,0.88711067E-1,0.19345563,0.31861492,0.91466452,0.51570478,0.39663666
-7.0948073,0.31696296,0.96310189E-1,0.19477926,0.47154857,0.44644087,0.27939197E-1,0.24955616,0.33471359,0.83085444E-3,0.33826622E-1,0.96757546E-2,0.32325266,0.89814649,0.32319676,0.80101059
-7.2123509,0.48181728,0.16075369,0.33552197,0.61728845,0.29592017,0.12376565,0.19017035,0.17664870,0.27989080E-1,0.96770906E-1,0.15488838,0.35003645,0.88234685,0.43169794,0.10310909
-9.6903931,0.95265901E-1,0.11210573,0.52917875,0.48054517,0.34800172,0.71368578E-1,0.42210335,0.34291898,0.78658711E-1,0.13097459E-1,0.75388834E-1,0.32406469,0.86562322,0.40814226,0.17318304
-10.074315,0.95570074E-2,0.11837536,0.59187362,0.60815165,0.15330032E-1,0.15126168,0.52679054,0.35880202,0.25795867E-2,0.39931106E-1,0.14509107,0.37653760,0.81611174,0.47696769,0.67092971
-11.851642,0.21982245,0.13798317,0.66203319,0.45039596,0.31464484,0.75714618E-1,0.20031005,0.96289032E-1,0.39676178E-1,0.15991945,0.23800051,0.29917850,0.93615465,0.44051851,0.95390344E-1
-6.8717851,0.73995606,0.10296085,0.52921345E-1,0.68220688,0.22413808E-1,0.31356837E-1,0.30904260,0.49879094,0.77441924E-1,0.65866288E-1,0.39128446E-1,0.33455317,0.86248705,0.46387878,0.77793346
-9.4092955,0.41047234,0.86302773E-1,0.11378686,0.57085490,0.33857678,0.15147358,0.43324141,0.54668467,0.39654336E-1,0.43242142E-2,0.10080164,0.36697466,0.91433006,0.43908050,0.10138438
