SampleLogFunc,Substrate Roughness,Oxide thick,Oxide Hydration,Lipid APM,Head Hydration,Bilayer Hydration,Bilayer Roughness,Water Thickness,Backs par D2O,Scalefactor 1,SLD D2O
-8.9515623,0.38924713,0.11589279,0.15263867,0.58038159,0.34359057,0.12615640E-1,0.13904568,0.26197826,0.76951611E-1,0.29372635,0.95036952
-7.1301877,0.27870921,0.13213212,0.31745332,0.54858121,0.26542455,0.14268433,0.38589527,0.25544332,0.22443088E-1,0.34748506,0.87582239
-5.2933302,0.29576391,0.14764473,0.32150589,0.61764668,0.15023573,0.15583194E-1,0.37646227,0.24765088,0.80124881E-2,0.33764013,0.85160743
-7.6168649,0.22886917,0.17036751,0.32260759,0.59358289,0.19030158,0.85506281E-1,0.32227862,0.18732708,0.33178739E-1,0.32793902,0.84746102
-8.7060773,0.21745683,0.12241238,0.33363287,0.50243888,0.29971438,0.17684646,0.35709904,0.23302789,0.52918597E-1,0.35228230,0.85209872
-6.0424282,0.28739428,0.14186327,0.32395576,0.59583214,0.18641861,0.64896254E-1,0.38669277,0.24396592,0.23250704E-1,0.33840338,0.85528582
-6.2937087,0.37590149,0.15139687,0.28619789,0.61755909,0.15929238,0.54835200E-1,0.42025038,0.40089251,0.21174874E-2,0.34762538,0.91737496
-6.3512666,0.30225815,0.14139618,0.28405053,0.57557080,0.20985958,0.54556320E-1,0.28677767,0.33878530,0.37564436E-1,0.34395171,0.88860262
-8.7907569,0.31664966,0.14307937,0.22008910,0.59198773,0.29512978,0.70492987E-1,0.12896328,0.26061702,0.66015951E-1,0.32468386,0.89595519
-7.3054276,0.22101718,0.15224297,0.34239502,0.55219807,0.20999780,0.79112948E-1,0.25332403,0.23359463,0.80819099E-1,0.32948954,0.84387153
-5.9903399,0.29192879,0.15987034,0.28684910,0.60323300,0.22298410,0.54226922E-1,0.23609899,0.24193373,0.25694279E-1,0.32964342,0.87800847
-6.6806083,0.41488719,0.14348761,0.22091822,0.62433607,0.29404842,0.10799967,0.25670209,0.31338008,0.36586458E-1,0.32773638,0.93342849
-9.3489621,0.28302020,0.15552817,0.36210066,0.51876132,0.26616879,0.22982761,0.33219759,0.33005520,0.10977854,0.32995276,0.90777669
-6.5730658,0.26908832,0.15080882,0.26675216,0.58980939,0.23166458,0.73574359E-1,0.27385395,0.24256671,0.20228460E-1,0.34071425,0.86560771
-5.4189125,0.37798254,0.15675655,0.35444120,0.63726020,0.10500403,0.51956416E-1,0.42771172,0.35292017,0.20472015E-1,0.32984600,0.89846697
-8.1150897,0.45638016,0.10197052,0.24760601,0.62162510,0.25659712,0.10548888E-1,0.27757936,0.37307823,0.88725283E-1,0.33158361,0.89639026
-7.1228927,0.41427589,0.16757973,0.35547079,0.65634579,0.42582476E-1,0.47047451E-2,0.43924866,0.43008993,0.84196475E-1,0.32151029,0.90306726
-10.335392,0.26220051,0.17930266,0.39363282,0.57610905,0.76473737E-1,0.60849760E-1,0.39179363,0.41424427,0.52887393E-1,0.35087094,0.87124709
-6.3584886,0.28130437,0.18169758,0.37305081,0.59151214,0.13589555,0.75651315E-1,0.34358765,0.28909732,0.55896654E-1,0.31458521,0.88896384
-8.4479319,0.23624599,0.14445594,0.37419145,0.57170241,0.19473149E-1,0.18356030E-1,0.18481445,0.26590294,0.10621529,0.29165114,0.88731842
-7.9997451,0.55248967,0.15088487,0.24663376,0.69173601,0.29915776,0.17149399E-1,0.39213649,0.36316185,0.98509742E-1,0.33880351,0.89587608
-6.0182014,0.30762094,0.13206546,0.34834021,0.54678324,0.26064200,0.15027127,0.35507593,0.30361659,0.24206717E-1,0.35534203,0.88791768
-7.4223779,0.20587713,0.15659011,0.35472454,0.56462904,0.89284141E-1,0.44372275E-1,0.30296787,0.29788268,0.51969685E-1,0.34486231,0.84067816
-6.8171304,0.26714626,0.16583217,0.32058662,0.56202194,0.11367112,0.14766849,0.23102509,0.28140350,0.58903684E-1,0.30905957,0.93980892
-6.7049617,0.42534682,0.19373804,0.27219180,0.64907206,0.27629145,0.37061464E-1,0.32318769,0.25296600,0.46924962E-1,0.32276451,0.91841685
-7.4049626,0.30612418,0.14651215,0.36885684,0.56225384,0.27538409,0.29570041E-1,0.21408307,0.52468404E-1,0.37696115E-1,0.32159468,0.86945661
-5.9678171,0.21173647,0.14117926,0.26373502,0.54754638,0.20632756,0.67892301E-1,0.26358244,0.31875564,0.99069225E-3,0.32989955,0.89130796
-15.318267,0.12664881,0.16454386,0.23612432,0.47030756,0.23936348,0.22435233,0.40914615,0.34688855,0.12513085,0.32610839,0.89133849
-9.3008319,0.25792183,0.79427685E-1,0.17838058,0.53697322,0.33959999,0.10453206,0.19241984,0.31745505,0.74441555E-1,0.31678757,0.88348063
-9.6220828,0.43759094,0.16834301,0.30800396,0.62397207,0.22812981,0.11367771,0.48304766,0.42966182,0.15537218E-1,0.36315252,0.91988769
-5.9416413,0.40521806,0.13523841,0.20379952,0.61381583,0.25771944,0.72144992E-2,0.39858225,0.38201581,0.79285805E-1,0.32041083,0.91065324
-6.5589688,0.27975293,0.13516461,0.21824497,0.56804009,0.22691859,0.12435663,0.22124593,0.38775555,0.52095596E-1,0.30885028,0.93347890
-8.0570026,0.27800934,0.12925422,0.35647965,0.54530629,0.24700015,0.15398192,0.28285626,0.26922981,0.11204871,0.34529224,0.85102991
-7.4022188,0.25965703,0.13929527,0.37321791,0.54136431,0.10433629,0.14444349,0.42054839,0.36469802,0.85478505E-3,0.33746782,0.91146722
-11.956898,0.50217459,0.17780170,0.20255711,0.71920317,0.25909891,0.77429655E-1,0.53418902,0.48488514,0.61425139E-1,0.34769856,0.89047957
-8.1893415,0.37307009,0.13272735,0.22763863,0.58514331,0.44574090,0.95944579E-2,0.38486440,0.38244062,0.51167581E-1,0.34526457,0.87045504
-5.0370495,0.35965654,0.12311120,0.37955700,0.62359109,0.10382050,0.52627159E-1,0.30712645,0.29148276,0.41133145E-1,0.33732193,0.89131301
-7.7720201,0.44315789,0.12852397,0.23986261,0.65386749,0.27271771,0.58258037E-1,0.28405021,0.44329527,0.23366949E-1,0.32737553,0.91735878
-6.3733636,0.27723751,0.15019966,0.30955806,0.60411276,0.16127480,0.21066342E-1,0.20557546,0.33088138,0.63660166E-2,0.29620277,0.87556127
-7.8382710,0.41499372,0.16708107,0.33990653,0.58299758,0.42961211,0.24858396E-1,0.46108020,0.24420774,0.78397303E-1,0.33507664,0.86600024
-9.9258970,0.40143202,0.18313399,0.40466010,0.52102646,0.34607437,0.76194307E-1,0.22125466,0.61463048E-1,0.53408644E-1,0.26846322,0.93643373
-11.062864,0.53996070,0.18527004,0.70548410,0.62475482,0.24358631,0.23571022,0.24890867,0.30295390E-1,0.68349147E-1,0.37067914,0.85904784
-9.1764302,0.31996619,0.74359396E-1,0.37501985,0.63807263,0.37007679E-1,0.19922489,0.21947060,0.32224202,0.27620501E-1,0.35395911,0.84699349
-9.8976188,0.47141454,0.16045336,0.41030044,0.70429040,0.18007168,0.20312221,0.27932784,0.19661491,0.92452258E-1,0.35010839,0.85397779
-6.0655446,0.28158809,0.15687883,0.44216255,0.58784110,0.63636469E-1,0.19482525E-1,0.37010122,0.16613250,0.10704914E-1,0.34485513,0.85551416
-10.053109,0.30431786,0.13257906,0.32461905,0.56325891,0.58129451E-1,0.13583306,0.20859283,0.28800327,0.90388238E-2,0.29501027,0.98198729
-8.7852659,0.26252800,0.17807395,0.23945909,0.62891322,0.15407687E-1,0.83611216E-2,0.38849069,0.38936363,0.89711930E-1,0.33933795,0.85753299
-7.8381995,0.40875550,0.10054745,0.32851583,0.59692725,0.29773250,0.36014478E-1,0.42157752,0.34288043,0.56251892E-1,0.35386606,0.84014619
-8.1790213,0.35711974,0.99173617E-1,0.34434286,0.49137188,0.37964650,0.96119171E-1,0.28616060,0.20799386,0.41331741E-1,0.34282639,0.88258806
-10.511196,0.14317041,0.11721763,0.14677797,0.52639124,0.27142464,0.31133129,0.92717804E-1,0.48188001,0.70300981E-2,0.32862985,0.89247082
-13.299972,0.39567018,0.84302509E-1,0.25125216,0.42792524,0.58785983,0.38384938,0.19160645,0.40446993,0.22602318E-1,0.35787856,0.93375208
-7.8436507,0.39618731,0.14464425,0.29689268,0.52029511,0.28981634,0.29117379,0.58656895E-1,0.23269822,0.22738770E-1,0.32761179,0.87302466
-7.2353027,0.61253634,0.13925620,0.10882831,0.58952959,0.22371865,0.10455512,0.80464409E-1,0.37227534,0.43251181E-1,0.28659367,0.94333871
-7.5896106,0.45010403,0.11744065,0.15633203,0.57579495,0.22639172,0.27788820,0.25399495,0.39373151,0.98726984E-2,0.36103138,0.85072578
-9.1315439,0.52854736,0.14277908,0.24023469,0.61145053,0.32654356E-1,0.13228016,0.45169718,0.33660851,0.62328812E-1,0.37649069,0.88606144
-6.9177828,0.28794081,0.12938600,0.29669559,0.46135634,0.56658037,0.91316699E-1,0.14605768,0.20318223,0.27423065E-1,0.29597530,0.92066489
-9.8500937,0.55244503,0.16464730,0.11758585,0.70576738,0.22109243E-1,0.13335499,0.36201768,0.51497185,0.49062654E-1,0.38029570,0.86061634
-9.9886162,0.51852840,0.12685097,0.39752815,0.65818171,0.14180231,0.13184664,0.41400476,0.32172728,0.10853976,0.37821289,0.89927081
-6.7434845,0.50423052,0.15815079,0.50832177,0.64603409,0.14286414,0.13978216,0.28238894,0.18973294,0.16191750E-1,0.33950278,0.88088776
-6.8808504,0.35090941E-1,0.12536126,0.30315695,0.51213176,0.32691379,0.44162399E-1,0.29161492,0.27601478,0.21449228E-1,0.32179474,0.85476603
-7.0984156,0.27543750,0.16188162,0.34484072,0.65371644,0.19210316,0.82222520E-1,0.23661656,0.28450917,0.54585080E-1,0.33487621,0.86933337
-9.5492618,0.55051769,0.91999816E-1,0.13668042,0.64013791,0.32182304E-1,0.19007099,0.26788030,0.50885901,0.68789444E-1,0.34662585,0.94162216
-9.0616421,0.83136005,0.17689507,0.12976832,0.63742215,0.27409981,0.71278184E-1,0.70010679E-1,0.16117649,0.48063960E-1,0.32946780,0.84014350
-13.713027,0.75975739,0.18161166,0.33470954,0.56032793,0.39910475,0.11735646,0.60148200E-1,0.10246597,0.45800504E-1,0.36652616,0.87366857
-11.180274,0.37399058,0.14639752,0.65100458,0.56414569,0.34589425,0.14217440,0.35016112,0.24910074,0.27036365E-1,0.38365135,0.86332368
-12.763583,0.46677119,0.15468529,0.14562573,0.69935877,0.20458069E-1,0.20589184,0.31100238,0.52826031,0.72002164E-1,0.32469019,0.83728591
-10.602040,0.24303988,0.93624846E-1,0.33742035,0.50602143,0.82231489E-1,0.24471544,0.28635297,0.45368170,0.10228440,0.34052232,0.90947453
-11.371245,0.17866945,0.16008912,0.40138571,0.60253478,0.31397545,0.22983867,0.33779281,0.17238520,0.42682898E-1,0.40237808,0.83853685
-15.535308,0.38389053,0.18791277,0.19673514,0.59217604,0.21317738E-2,0.21120592,0.20077397,0.42523031,0.78698141E-1,0.36353171,0.87895764
-10.032736,0.74017547,0.15724183,0.19043835,0.74093255,0.17911572,0.20530804,0.34010661,0.41501130,0.37962608E-1,0.36414593,0.90914529
-8.4237077,0.60513664,0.18203076,0.22170136,0.76151177,0.11360209,0.93234008E-1,0.30365064,0.19007105,0.62919942E-1,0.32055178,0.89824258
-7.6648456,0.99615354E-1,0.15413001,0.52271727,0.63437495,0.24693300,0.19107579,0.38740811,0.18598518,0.15143993E-1,0.36562245,0.90317625
-9.8964154,0.39319682,0.12132815,0.21773933,0.55898353,0.55556631,0.13359190,0.14708465,0.13815491,0.58478323E-1,0.31688441,0.90822877
-7.9893343,0.45275942,0.18538510,0.35698676,0.65937360,0.16174741,0.62599052E-1,0.39579512,0.36299959,0.48176661E-1,0.34546440,0.93023823
-10.231396,0.24202524,0.12105734,0.23603047,0.42122935,0.56480094,0.84864812E-1,0.29754726,0.36209428,0.65179052E-1,0.32225844,0.88732525
-5.9319109,0.54077680,0.13496502,0.21078040,0.69819435,0.12502469,0.78352582E-1,0.25852790,0.36717267,0.25409698E-1,0.34983854,0.85069559
-9.2377407,0.66691622,0.12314344,0.16657275,0.64602547,0.18085788,0.26814952,0.29640369,0.44915800,0.42895771E-1,0.36437270,0.84546717
-7.6267645,0.26329022,0.88094622E-1,0.37123023,0.59573228,0.10653250,0.96408200E-1,0.28826955,0.29232223,0.59819833E-1,0.34271038,0.86714921
-7.9802049,0.97642888E-1,0.16417555,0.58456075,0.44862715,0.47172135,0.30324115,0.19146817,0.26710607E-1,0.57944206E-2,0.34065983,0.89935759
-11.241033,0.77941863,0.22555803,0.22272539,0.69728942,0.22009064,0.12609611,0.26816952,0.31838962,0.78384304E-1,0.33714313,0.91571269
-12.963367,0.91443233E-1,0.17538086,0.43664554,0.54183171,0.21655569,0.74494890E-1,0.16767946E-1,0.29658207E-1,0.10766813,0.27400067,0.87373269
-10.587153,0.75998796E-1,0.13944446,0.16691270,0.58649949,0.15170728,0.17477684,0.16285160,0.50484460,0.11542750E-1,0.31032530,0.95126880
-6.3388980,0.23747664,0.14753883,0.40782593,0.53037437,0.36090353,0.63538987E-1,0.14161125,0.18161888,0.55774582E-1,0.30225027,0.90257176
-10.250463,0.18298608,0.11554032,0.50181677,0.50868886,0.17022563,0.27104370,0.22803773,0.15608075,0.90149646E-1,0.35256157,0.88588504
-7.6410079,0.55238889,0.11183775,0.23944339,0.52067483,0.40559849,0.19342409E-1,0.21237081,0.27354017,0.35998371E-1,0.28681560,0.91500768
-10.340314,0.58078562,0.24085816,0.48891950,0.66986758,0.32107665,0.89775264E-1,0.39274884,0.10093778,0.10094495,0.32317924,0.91976370
-7.7335895,0.37362111,0.12062320,0.19715362,0.55901475,0.32274615,0.13332534,0.43002405,0.39596193,0.21011708E-1,0.35849304,0.88828923
-7.8512359,0.78381385,0.18649395,0.14270555,0.68971173,0.12204213,0.31055125E-1,0.13122791,0.22635331,0.59333902E-1,0.30487996,0.87754933
-8.1457656,0.11439634,0.15023609,0.56848674,0.50556418,0.53555628,0.12082717,0.33199222,0.16959248,0.46228665E-1,0.35677366,0.86940645
-11.062474,0.78648270E-1,0.18995062,0.53330529,0.52573234,0.28350863,0.85901125E-1,0.28015828,0.20466178,0.10398735,0.29173743,0.87544402
-8.4112652,0.41559688,0.16851332,0.52414450,0.61144102,0.11180055,0.18245894,0.29645848,0.61138047E-1,0.38138626E-1,0.39396196,0.81770434
-6.7475670,0.28232014,0.17702124,0.51009227,0.60041573,0.37188270,0.14911400,0.33127627,0.12103060,0.58890535E-1,0.36485955,0.87447103
-12.047968,0.39516189,0.15643039,0.29606977,0.50550522,0.43923552,0.31657913E-1,0.33317657,0.23673270,0.12888378,0.34671351,0.82456446
-8.2424161,0.36560752,0.12623055,0.37115972,0.52102109,0.38233850,0.32148671E-1,0.11369468,0.21557437,0.86914366E-1,0.29891179,0.90041800
-7.2068497,0.12378927,0.11393998,0.29677210,0.57495841,0.23991795,0.41447075E-1,0.19279811,0.36585517,0.65180004E-2,0.28470154,0.92810655
-12.406185,0.33752289,0.22155034,0.37473744,0.64074532,0.36854486,0.22357633,0.26611701,0.96198540E-1,0.85570875E-1,0.36455748,0.89318870
-8.6566375,0.19301118,0.19680710,0.52341735,0.58747780,0.48027089,0.98509201E-1,0.25121257,0.81980752E-1,0.33385846E-1,0.29295114,0.95728875
-8.0739075,0.61198566,0.10761393,0.29406024,0.59604213,0.27145023,0.10307900,0.20868999,0.34049329,0.52102998E-1,0.33451925,0.84294367
-8.0009451,0.18625027,0.14515813,0.43489356,0.54961559,0.14885802,0.82365807E-1,0.24048296,0.20865860,0.50989254E-1,0.30669897,0.83830386
-6.7399435,0.60833267,0.11865648,0.79922349E-1,0.55996914,0.40309505,0.81426464E-1,0.24539447,0.31850424,0.43515089E-1,0.32807254,0.85621103
-9.9125172,0.34088002,0.16246963,0.56268101,0.45443173,0.48066451,0.28459392,0.99999480E-2,0.82849840E-1,0.26789974E-1,0.35650659,0.82693769
-8.3511464,0.43800695,0.11326241,0.43441920,0.54854536,0.33465173,0.17419082,0.16256414,0.17659060,0.41758107E-1,0.37486441,0.83008051
-7.5504577,0.59424627,0.19708290,0.32944361,0.66974927,0.41929595,0.10064001,0.29361267,0.10465526,0.45425907E-1,0.32214861,0.91482766
-9.3919089,0.44989821,0.20485194,0.24283315,0.60956289,0.20210672,0.19243199,0.19881062,0.18625500,0.29092115E-1,0.31474856,0.93580962
-7.8425102,0.53462558,0.15745585,0.19545203,0.65682382,0.41946120E-1,0.33075027E-1,0.49992481,0.33389601,0.71517342E-1,0.35323080,0.89280219
-9.4130531,0.86863859E-1,0.17650004,0.51413564,0.58691257,0.55069716E-1,0.34656963,0.27727245,0.29358681,0.74938826E-1,0.36265673,0.88762025
-9.3061949,0.61110299,0.15361170,0.13148180,0.55047407,0.43134181,0.42644434E-2,0.32449032,0.18402423,0.65785338E-1,0.33854777,0.88236530
-8.3517065,0.36139695,0.90148324E-1,0.24260840,0.48140082,0.29450280,0.17975949,0.22943646,0.29515511,0.55679613E-1,0.33987895,0.87292954
-12.768037,0.10204702,0.13694168,0.74846250,0.55006753,0.26901520,0.31979887,0.32795040,0.75498532E-1,0.97679196E-1,0.36966134,0.87760025
-6.9542678,0.49300930,0.13215385,0.26304807,0.58971349,0.35761432,0.90537834E-1,0.39286948,0.38907653,0.33865753E-1,0.35769516,0.88015438
-7.1317423,0.41066384,0.93672716E-1,0.16457115,0.62580012,0.84488029E-1,0.30585623E-1,0.28375818,0.50302525,0.10870710E-1,0.29536447,0.90636323
-7.0651000,0.66721733,0.16636639,0.24498195,0.59373443,0.25427894,0.92342202E-1,0.21366599,0.10527912,0.29237669E-1,0.32662919,0.86654351
-6.7719666,0.26132442,0.15188598,0.34771850,0.69062623,0.22037331E-1,0.16387663,0.35150565,0.42732731,0.24715232E-1,0.35797477,0.90364134
-10.240534,0.24003229,0.20227759,0.38422059,0.55018104,0.23423575,0.47345216E-1,0.38859062,0.21415853,0.15721148,0.31991750,0.91847512
-8.3957234,0.42365767,0.17110431,0.53579627,0.59999092,0.25730669,0.79472136E-1,0.60432504E-1,0.70679943E-1,0.19372847E-1,0.28587323,0.92721189
-5.8267141,0.13869970,0.10751865,0.26006985,0.56383768,0.17036443,0.84301567E-1,0.36461122,0.39780950,0.47840764E-1,0.34122111,0.88019153
-8.3951179,0.23140480,0.10878897,0.36794123,0.56130339,0.26915242,0.22077723,0.20636890,0.25015504,0.65055242E-2,0.35675765,0.92612088
-9.8888282,0.38848898,0.14427105,0.12393051,0.63809011,0.19142551,0.21657082E-1,0.41834777,0.29020419,0.92977865E-1,0.30508580,0.90309898
-10.279665,0.65550309,0.20879154,0.37683979,0.73414224,0.14339960,0.14142100,0.13972281,0.21279921,0.92141526E-3,0.33314186,0.94147490
-4.6810882,0.28920984,0.14494899,0.35026417,0.64303131,0.18415204,0.19769428E-1,0.35294114,0.26990695,0.15119697E-1,0.34193764,0.87240505
-12.125261,0.62002083E-1,0.21450422,0.44763851,0.59441514,0.32258175,0.90339348E-1,0.43391600,0.34896891E-1,0.10447447,0.29624203,0.93038528
-8.4774354,0.36230533,0.85088825E-1,0.33130333,0.54287502,0.35049841,0.15866829,0.92980938E-1,0.31479931,0.36301186E-1,0.33782417,0.86443527
-8.9271992,0.33358096E-2,0.11324760,0.36775212,0.58279815,0.15500350,0.12014869,0.31947488,0.45612127,0.84236935E-1,0.33625056,0.90181683
-10.409974,0.32830887,0.14099281,0.54625226,0.57854690,0.72824204E-3,0.40825388,0.17179159,0.30505587,0.40068278E-1,0.38803254,0.85792834
-7.7205841,0.56622248,0.19877867,0.48589120,0.70582272,0.19389802,0.14412789,0.34900093,0.15917086,0.36858833E-1,0.35688039,0.87277305
-8.2963593,0.57790687,0.10544493,0.23782707,0.61036107,0.38308972,0.22735753E-1,0.28443349,0.26193747,0.62875216E-1,0.35984443,0.85701472
-9.8508403,0.28703720,0.10483415,0.50633150E-1,0.55911446,0.25596682,0.96333583E-1,0.69835495E-1,0.47469813,0.26936127E-1,0.31520794,0.88273655
-7.0716068,0.68694191,0.14541147,0.26830299,0.62187992,0.37215189,0.17279672,0.16602750,0.98681702E-1,0.14542441E-1,0.34223650,0.89592499
-5.6706288,0.31966205,0.12011879,0.30401082,0.53322451,0.31630879,0.93848971E-1,0.22703873,0.28661044,0.37530507E-1,0.33173698,0.89060002
-10.799409,0.50838669,0.15250389,0.56350218,0.58229952,0.49263402,0.25219915,0.19601424,0.94163587E-1,0.34247766E-1,0.33682495,0.86691295
-8.3590065,0.48165736,0.18667064,0.26206113,0.66836838,0.13885648,0.73594684E-1,0.24642078,0.10163012,0.83288808E-1,0.32025932,0.92828838
-6.1976863,0.27104768,0.14029636,0.47870716,0.59729105,0.39575197,0.46547994E-1,0.33892561,0.21147195,0.72408346E-2,0.33218344,0.88401217
-8.0869815,0.44270026,0.17073196,0.49740458,0.58295698,0.22315196,0.33261048E-1,0.47954699,0.20366019,0.24794766E-1,0.33757947,0.90389143
-5.4544346,0.32274782,0.16494395,0.44402893,0.65260854,0.10290937,0.89821151E-1,0.40382655,0.26141705,0.26251802E-1,0.35436997,0.84786265
-6.7734455,0.64906399,0.14505723,0.15278438,0.61375150,0.25445733,0.17420358E-1,0.24663593,0.43104239,0.29502629E-1,0.31590451,0.91368835
-8.2799944,0.60390669,0.15788185,0.44188845,0.48576772,0.65741720,0.15471029,0.15608371,0.61800263E-1,0.47435728E-1,0.31763450,0.93731401
-6.9273469,0.54446952,0.13038250,0.38730688,0.57025884,0.49555984,0.14221297,0.22162226,0.16641025,0.37684839E-1,0.34519504,0.88760508
-9.7738677,0.29974443,0.15960990,0.50162260,0.53595124,0.15086725,0.28970429,0.15641157,0.77016307E-1,0.80622989E-1,0.36928510,0.84740474
-5.7664885,0.22643008,0.12050183,0.35273866,0.65980822,0.45717789E-1,0.16126972E-1,0.47162514,0.38192488,0.35967816E-1,0.33522425,0.87400025
-10.886408,0.34985922,0.15820708,0.53248196,0.63509601,0.83684866E-1,0.32268176,0.11244584,0.25246849,0.33549503E-1,0.36095911,0.82329824
-7.6346834,0.12708976,0.10000686,0.76473153E-1,0.56872967,0.13088751,0.25084774E-1,0.18064916,0.41379124,0.20818654E-1,0.28343763,0.90014613
-9.3298775,0.60153612,0.16670532,0.39033610,0.70445144,0.27465009,0.15883275,0.66832021E-1,0.75291167E-1,0.38877157E-1,0.34074080,0.85689545
-8.0390502,0.33601243,0.14446857,0.46765274,0.54453383,0.41356889,0.21016132,0.16058397,0.14920645,0.53899450E-1,0.32244674,0.87265277
-5.7650838,0.35084485,0.11540925,0.17892992,0.55418074,0.15052301,0.34906457E-1,0.33051561,0.34473283,0.21171853E-1,0.32553375,0.87788650
-4.5866087,0.42469559,0.17150899,0.37680370,0.64965166,0.15226338,0.56578028E-1,0.25845373,0.15753213,0.13664920E-1,0.32881325,0.88468057
-9.1071205,0.40762090,0.15222738,0.29697585,0.51445006,0.13085364,0.17752394,0.20617219,0.38986648,0.69376053E-1,0.31940648,0.92163025
-8.5499714,0.26954463,0.16037473,0.58438551,0.51503068,0.49837691,0.24826051,0.27574107,0.15003516,0.19221817E-1,0.36449732,0.90676896
-10.190558,0.57079913,0.11905424,0.35842416,0.56481661,0.27888473,0.25943930,0.25674627E-1,0.17720489,0.43887635E-1,0.31129781,0.93213879
-7.1026006,0.27734295,0.12610770,0.53026408,0.56861094,0.19360982,0.13732168,0.33126113,0.32345309,0.14783857E-1,0.36294485,0.87305960
-8.8307795,0.25283437,0.18247308,0.45944877,0.53877524,0.27353314,0.62754967E-1,0.49245579,0.19502731,0.45041610E-1,0.33306753,0.86972231
-7.1075811,0.73377720,0.14901292,0.26184418,0.68180723,0.18208106,0.11138040,0.23956254,0.21269355,0.27837861E-1,0.37069660,0.84804650
-8.3403209,0.35586309,0.19044354,0.36824800,0.68853120,0.97774669E-1,0.84136161E-1,0.32890862,0.29226798,0.12398491,0.34168277,0.86889293
-6.9866909,0.43656609E-1,0.16165844,0.62215561,0.43541100,0.55220671,0.10064747,0.18542839,0.21586362E-1,0.37800007E-1,0.30841920,0.91264711
-7.7786348,0.29080084,0.15947630,0.66928539,0.54830406,0.19370436,0.21096111,0.21761086,0.90058193E-1,0.31889624E-2,0.35452610,0.90618406
-5.7142321,0.44402944,0.13608509,0.22829963,0.59547153,0.49398313E-1,0.18942128E-2,0.29083985,0.37938787,0.53814238E-1,0.31140683,0.92804601
-8.5177848,0.80947198,0.19780287,0.22683152,0.74876183,0.29203566E-1,0.34247661E-1,0.11250113,0.17239038,0.16884926E-1,0.29976347,0.88557148
-11.399983,0.59236123,0.14348395,0.24515519,0.43109370,0.69888623,0.15503077,0.28842805,0.26289528,0.61163436E-1,0.30516912,0.90420884
-8.6144911,0.69522562,0.19558184,0.36587900,0.63128112,0.28864548,0.26773704,0.85394244E-1,0.10067968,0.48092668E-1,0.35211217,0.90778492
-10.025307,0.46025787,0.99810867E-1,0.12530203E-1,0.55737675,0.52362007,0.13853773,0.19027753,0.28677615,0.37107747E-1,0.31492297,0.88595626
-8.4099843,0.26965520,0.19736925,0.43531600,0.56848362,0.34244482,0.22491621,0.25442029,0.62686636E-1,0.75167458E-1,0.33554324,0.88397747
-13.535446,0.19238558,0.14945224,0.69211621,0.64833080,0.97838776E-1,0.28905777,0.28167130,0.14177046,0.11501838,0.40001028,0.86464141
-8.2849823,0.42691719,0.11832989,0.28726471,0.67839899,0.75273733E-1,0.75817872E-1,0.36969139,0.31074717,0.92907989E-1,0.33768494,0.84527122
-7.2409239,0.24576220,0.14203313,0.57765419,0.63312395,0.99649983E-1,0.82620139E-2,0.37344620,0.18545381,0.41621281E-1,0.37380327,0.82416264
-8.6427327,0.31494511,0.19761434,0.45077505,0.70926499,0.20561744,0.16653269,0.29530342,0.16044319,0.36320746E-1,0.36934141,0.89757038
-11.158037,0.13548444,0.17976131,0.31476318,0.48819448,0.51548569,0.16028866E-2,0.30556795,0.10396444,0.24298111E-1,0.26360201,0.97770093
-11.588280,0.20351787,0.15914481,0.50217809,0.53067393,0.27189553,0.38081562,0.30452973,0.23608448,0.11184787,0.37796592,0.85903464
-5.7311577,0.62457033,0.15806256,0.33714562,0.67740723,0.13167585,0.12891762,0.26270706,0.18698637,0.18315229E-1,0.35483741,0.86897309
-5.9083839,0.11292239,0.17461269,0.47697802,0.55963283,0.25070940,0.18285730,0.18043614,0.16285462,0.29974678E-1,0.32418933,0.90733889
-10.039915,0.16784275,0.15033446,0.24182533,0.53203119,0.21294722,0.17263193,0.42638820,0.45883455,0.70812413E-1,0.35066120,0.87824698
-7.8448784,0.64739258,0.19322031,0.31171669,0.69194933,0.27474069,0.11700547,0.31833743,0.55152463E-1,0.45588821E-1,0.36163175,0.85221629
-6.4941878,0.50043234,0.13952626,0.32238228,0.55918578,0.36667354,0.64058566E-1,0.27064839,0.29318850,0.65830447E-1,0.33448681,0.88999265
-7.3386372,0.26681640,0.17185503,0.34507007,0.60931614,0.16254325,0.77236835E-1,0.47915318,0.29152055,0.72464394E-1,0.36310797,0.88048551
-7.8102812,0.55034955,0.10482951,0.21030089,0.59026184,0.26334002,0.23711193,0.55958857E-1,0.19528649,0.11827504E-1,0.36032384,0.86767555
-11.347379,0.39694304E-1,0.18114894,0.52184886,0.73792133,0.26332976,0.83049619E-1,0.36466256,0.86254983E-1,0.70218209E-1,0.32923719,0.93002380
-7.9773616,0.20097015E-1,0.10357396,0.51191859,0.58744321,0.11411999,0.14961217,0.41294458,0.39066305,0.38060686E-1,0.35095173,0.87120985
-7.2771867,0.43214078,0.10202082,0.22994311,0.49537947,0.47766456,0.10172199,0.16463408,0.21567845,0.41527916E-1,0.32438965,0.87083203
-7.1657753,0.28230461,0.18731081,0.48879652,0.57980881,0.87497858E-1,0.17235475,0.25535566,0.22232369,0.54405753E-1,0.33949674,0.90783432
-7.3780781,0.75429787,0.16278533,0.26568107,0.62474053,0.16688826,0.74691344E-1,0.19345910,0.28071864,0.26995537E-1,0.31938657,0.89171204
-5.1534159,0.18669507,0.12247091,0.26087711,0.57321442,0.14644009,0.25474243E-2,0.27565051,0.38362072,0.77252932E-2,0.29653832,0.89958502
-8.2293466,0.55371904,0.12726501,0.31182064,0.63234266,0.27765837,0.13508776,0.39533178,0.31776848,0.74688800E-1,0.36269354,0.90393248
-10.471748,0.73922689E-2,0.26197622,0.56385700,0.58046852,0.35686769,0.29897673E-1,0.44543522,0.34238397E-1,0.54886675E-1,0.31586962,0.92206945
-6.1263557,0.28274006,0.12329091,0.22002059,0.61452935,0.89746096E-1,0.75771866E-1,0.29450563,0.39671489,0.13212484E-1,0.34337077,0.92263268
-7.9780110,0.70151034,0.18544417,0.27900262,0.60520864,0.53402948,0.35556678E-1,0.36690426,0.16115742,0.68471609E-1,0.32004242,0.91328089
-6.0313169,0.17437620,0.12640515,0.31311531,0.56067128,0.20571241,0.76562751E-1,0.36667505,0.40073463,0.45271746E-1,0.34151326,0.86187446
-10.495965,0.24060486,0.12198684,0.59208076,0.52907702,0.30769182,0.21214595,0.39208726,0.25413986,0.65328190E-1,0.36216059,0.82998426
-7.0781052,0.51761981,0.14749199,0.20305323,0.66486189,0.12016096,0.13780634,0.16810589,0.36300976,0.26635122E-1,0.35500524,0.84567458
-10.401543,0.16900612,0.15748076,0.51556680,0.70776588,0.26375979,0.38177801E-1,0.51049515,0.10640872,0.79808176E-1,0.37094663,0.83817551
-7.3810552,0.35245811,0.10153535,0.32225958,0.48645151,0.51034473,0.47828543E-1,0.31660314,0.28109262,0.28743616E-1,0.31610405,0.91483636
-7.7960455,0.78453200,0.19380078,0.22195001,0.57941737,0.55430748,0.76762284E-1,0.89582624E-1,0.24366907E-1,0.20877874E-1,0.30896182,0.93120994
-8.0085541,0.11619017,0.17421630,0.49312491,0.58959746,0.39394168,0.60704573E-1,0.41370000,0.14067493,0.76925130E-1,0.37121688,0.84413780
-7.9007630,0.64862650,0.17887475,0.18370141,0.60432399,0.17379691,0.76999896E-1,0.31379617,0.25264081,0.69837358E-1,0.31345537,0.88850645
-9.2477840,0.77735723,0.12191944,0.33188159E-1,0.63294797,0.54496447E-1,0.68623675E-1,0.28386463,0.56471588,0.54623979E-1,0.31405724,0.88589519
-14.880892,0.46448822,0.13013704,0.13355583,0.48436891,0.80524497,0.78377753E-1,0.17529629,0.82169142E-1,0.10052370,0.33264890,0.84542413
-13.534865,0.52704887,0.21630658,0.25651744,0.53295016,0.51412542,0.15224800,0.90721616E-1,0.25040932,0.51562645E-1,0.29158781,0.88892415
-6.2871609,0.25112961,0.15137677,0.38945718,0.59397661,0.13691973,0.10597818,0.30654703,0.26439883,0.56385529E-1,0.35372603,0.90609010
-8.1909183,0.44089113,0.16481938,0.41783341,0.60654513,0.52451803E-1,0.80407636E-2,0.11431925,0.19612728,0.17414683E-1,0.27248347,0.94316554
-7.2300303,0.44586637,0.16734807,0.28031825,0.59550934,0.10114413,0.13324415,0.20245358,0.20092970,0.24228292E-1,0.35064998,0.85685389
-7.8566075,0.60900034,0.10641901,0.12685563,0.62208068,0.22650872,0.84363657E-1,0.41640437E-1,0.29966367,0.63204745E-1,0.31969121,0.89461365
-8.0003015,0.49544888,0.16053933,0.39849637,0.69087029,0.19861154,0.41791670E-2,0.39787167,0.32128186,0.17278492E-1,0.33232775,0.83969225
-7.3691681,0.23132581E-2,0.14566279,0.35949090,0.57229460,0.21478942,0.14029448,0.23347951,0.31434451,0.25023274E-1,0.31001757,0.95904682
-8.9142455,0.65279095,0.15460177,0.17991256,0.65797132,0.39887506,0.22046145E-1,0.28417086,0.38777415,0.40832897E-1,0.30310525,0.89732891
-8.9632843,0.21376039E-1,0.19778327,0.45285792,0.61310793,0.24944248,0.16573773E-2,0.30842901,0.22664749,0.93419225E-1,0.27359120,0.96549901
-8.0335561,0.39414600,0.22342398,0.40377473,0.80047496,0.17007032E-1,0.69560424E-1,0.36745334,0.14491604,0.18235736E-2,0.33220852,0.87838822
-13.507796,0.68525740,0.21127314,0.35068185,0.66906827,0.31562042,0.24669830,0.42034738,0.11569021,0.10589259,0.37016802,0.85189029
-10.154994,0.58605775,0.16563916,0.49238203,0.64006743,0.23622011,0.18726326,0.39647595,0.15400557,0.10030892,0.37538840,0.89813272
-7.4194868,0.41935829,0.12347584,0.54106436E-1,0.65471213,0.60654748E-1,0.99117685E-1,0.10648146,0.34333021,0.34729264E-1,0.30310203,0.93434199
-6.3687458,0.26196583E-1,0.11793030,0.39404557,0.53748494,0.11773781,0.12147769,0.40463159,0.40359052,0.38130675E-1,0.35424823,0.89274238
