=================================================== 
MCMC CONVERGENCE diagnostics for chain number  1 
Based on sample size =       2501 
=================================================== 
Autocorrelation for each parameter 
Variable           Lag 1        Lag 5       Lag 10       Lag 25 
variable 1         0.974        0.885        0.796        0.575 
variable 2         0.982        0.915        0.846        0.644 
variable 3         0.981        0.909        0.828        0.643 
variable 4         0.985        0.934        0.872        0.739 
variable 5         0.980        0.913        0.840        0.696 
variable 6         0.979        0.897        0.796        0.615 
variable 7         0.980        0.901        0.821        0.641 
variable 8         0.984        0.923        0.858        0.738 
variable 9         0.986        0.937        0.884        0.765 
variable 10        0.982        0.920        0.847        0.667 
variable 11        0.985        0.926        0.867        0.696 
variable 12        0.982        0.919        0.857        0.686 
variable 13        0.977        0.894        0.801        0.597 
variable 14        0.974        0.881        0.783        0.576 
variable 15        0.974        0.879        0.773        0.503 
variable 16        0.973        0.871        0.749        0.556 

Raftery-Lewis Diagnostics for each parameter 
(q=0.025000, r=0.010000, s=0.950000)
Variable          Thin       Burn   Total(N)     (Nmin)     I-stat 
variable 1           1        151      45237        937     48.279 
variable 2           1        151      45237        937     48.279 
variable 3           1        151      45237        937     48.279 
variable 4           1        151      45237        937     48.279 
variable 5           1        151      45237        937     48.279 
variable 6           1        151      45237        937     48.279 
variable 7           1        151      45237        937     48.279 
variable 8           1        151      45237        937     48.279 
variable 9           1        151      45237        937     48.279 
variable 10          1        151      45237        937     48.279 
variable 11          1        151      45237        937     48.279 
variable 12          1        151      45237        937     48.279 
variable 13          1        151      45237        937     48.279 
variable 14          1        151      45237        937     48.279 
variable 15          1        151      45237        937     48.279 
variable 16          1        151      45237        937     48.279 

Geweke Diagnostics for each parameter 
Variable            Mean      std dev      NSE iid      RNE iid 
variable 1      5.477586     1.330105     0.026602     1.000000 
variable 2     19.130961     2.106523     0.042130     1.000000 
variable 3     22.273367     1.528508     0.030570     1.000000 
variable 4      8.650130     4.639162     0.092783     1.000000 
variable 5      4.044039     1.823639     0.036473     1.000000 
variable 6     18.023392     1.168267     0.023365     1.000000 
variable 7      9.697951     1.120563     0.022411     1.000000 
variable 8     30.537411     2.394363     0.047887     1.000000 
variable 9      9.709232     1.159857     0.023197     1.000000 
variable 10     7.007213     1.508609     0.030172     1.000000 
variable 11    17.952345     0.928693     0.018574     1.000000 
variable 12    16.917511     2.769575     0.055392     1.000000 
variable 13    30.131040     1.541310     0.030826     1.000000 
variable 14    20.975156     5.850748     0.117015     1.000000 
variable 15     0.000003     0.000001     0.000000     1.000000 
variable 16     0.000003     0.000001     0.000000     1.000000 

Variable          NSE 4%       RNE 4%       NSE 8%       RNE 8%      NSE 15%      RNE 15% 
variable 1      0.302040     0.007757     0.299313     0.007899     0.230076     0.013369 
variable 2      0.315661     0.017814     0.281631     0.022379     0.234261     0.032344 
variable 3      0.235345     0.016873     0.198983     0.023603     0.152734     0.040061 
variable 4      0.983690     0.008897     0.951286     0.009513     0.656396     0.019981 
variable 5      0.321880     0.012840     0.373705     0.009525     0.338580     0.011604 
variable 6      0.245687     0.009044     0.206990     0.012742     0.155810     0.022488 
variable 7      0.213422     0.011027     0.221473     0.010240     0.180634     0.015393 
variable 8      0.512449     0.008733     0.453209     0.011165     0.380850     0.015810 
variable 9      0.358718     0.004182     0.431315     0.002893     0.400695     0.003352 
variable 10     0.320816     0.008845     0.275841     0.011965     0.218184     0.019124 
variable 11     0.263999     0.004950     0.313363     0.003513     0.286608     0.004200 
variable 12     0.587145     0.008900     0.482166     0.013198     0.423671     0.017093 
variable 13     0.277486     0.012341     0.239684     0.016541     0.154670     0.039722 
variable 14     1.390238     0.007084     1.235234     0.008974     1.042373     0.012602 
variable 15     0.000000     0.016834     0.000000     0.018070     0.000000     0.020075 
variable 16     0.000000     0.009989     0.000000     0.016094     0.000000     0.048246 

=================================================== 
MCMC CONVERGENCE diagnostics for chain number  2 
Based on sample size =       2501 
=================================================== 
Autocorrelation for each parameter 
Variable           Lag 1        Lag 5       Lag 10       Lag 25 
variable 1         0.983        0.920        0.852        0.715 
variable 2         0.987        0.943        0.889        0.747 
variable 3         0.991        0.960        0.924        0.820 
variable 4         0.989        0.950        0.906        0.792 
variable 5         0.975        0.879        0.787        0.624 
variable 6         0.983        0.927        0.868        0.706 
variable 7         0.984        0.919        0.850        0.725 
variable 8         0.977        0.897        0.818        0.666 
variable 9         0.989        0.946        0.896        0.787 
variable 10        0.984        0.928        0.864        0.679 
variable 11        0.992        0.960        0.924        0.848 
variable 12        0.987        0.946        0.902        0.791 
variable 13        0.984        0.928        0.863        0.717 
variable 14        0.970        0.865        0.770        0.586 
variable 15        0.982        0.921        0.848        0.661 
variable 16        0.975        0.881        0.772        0.525 

Raftery-Lewis Diagnostics for each parameter 
(q=0.025000, r=0.010000, s=0.950000)
Variable          Thin       Burn   Total(N)     (Nmin)     I-stat 
variable 1           1        104      35774        937     38.179 
variable 2           1        104      35774        937     38.179 
variable 3           1        104      35774        937     38.179 
variable 4           1        104      35774        937     38.179 
variable 5           1        104      35774        937     38.179 
variable 6           1        104      35774        937     38.179 
variable 7           1        104      35774        937     38.179 
variable 8           1        104      35774        937     38.179 
variable 9           1        104      35774        937     38.179 
variable 10          1        104      35774        937     38.179 
variable 11          1        104      35774        937     38.179 
variable 12          1        104      35774        937     38.179 
variable 13          1        104      35774        937     38.179 
variable 14          1        104      35774        937     38.179 
variable 15          1        104      35774        937     38.179 
variable 16          1        104      35774        937     38.179 

Geweke Diagnostics for each parameter 
Variable            Mean      std dev      NSE iid      RNE iid 
variable 1      4.543184     1.449620     0.028992     1.000000 
variable 2     17.999981     2.530374     0.050607     1.000000 
variable 3     23.375979     2.310159     0.046203     1.000000 
variable 4     12.286173     5.804599     0.116092     1.000000 
variable 5      4.295108     1.755384     0.035108     1.000000 
variable 6     17.687323     1.518739     0.030375     1.000000 
variable 7      9.530797     1.387066     0.027741     1.000000 
variable 8     29.472352     2.184955     0.043699     1.000000 
variable 9      9.941140     1.283684     0.025674     1.000000 
variable 10     5.890661     1.705697     0.034114     1.000000 
variable 11    17.629705     1.102046     0.022041     1.000000 
variable 12    17.297773     3.343313     0.066866     1.000000 
variable 13    30.406382     1.982748     0.039655     1.000000 
variable 14    19.280788     5.761800     0.115236     1.000000 
variable 15     0.000002     0.000001     0.000000     1.000000 
variable 16     0.000003     0.000001     0.000000     1.000000 

Variable          NSE 4%       RNE 4%       NSE 8%       RNE 8%      NSE 15%      RNE 15% 
variable 1      0.328384     0.007795     0.373864     0.006014     0.348341     0.006927 
variable 2      0.559679     0.008176     0.611364     0.006852     0.590445     0.007346 
variable 3      0.605676     0.005819     0.549402     0.007072     0.544207     0.007208 
variable 4      1.441131     0.006489     1.176556     0.009736     1.172953     0.009796 
variable 5      0.305843     0.013177     0.198644     0.031236     0.153160     0.052543 
variable 6      0.361192     0.007072     0.395568     0.005896     0.389426     0.006084 
variable 7      0.323827     0.007339     0.228157     0.014784     0.158239     0.030734 
variable 8      0.503253     0.007540     0.499988     0.007639     0.393485     0.012334 
variable 9      0.381389     0.004531     0.396270     0.004198     0.261530     0.009637 
variable 10     0.372107     0.008405     0.337884     0.010194     0.340123     0.010060 
variable 11     0.343116     0.004126     0.321999     0.004685     0.207256     0.011310 
variable 12     0.879706     0.005777     0.615278     0.011811     0.444192     0.022661 
variable 13     0.468088     0.007177     0.343915     0.013295     0.270447     0.021500 
variable 14     1.078016     0.011427     1.007372     0.013086     0.766079     0.022627 
variable 15     0.000000     0.011633     0.000000     0.019398     0.000000     0.063052 
variable 16     0.000000     0.014639     0.000000     0.029459     0.000000     0.035464 

=================================================== 
MCMC CONVERGENCE diagnostics for chain number  3 
Based on sample size =       2501 
=================================================== 
Autocorrelation for each parameter 
Variable           Lag 1        Lag 5       Lag 10       Lag 25 
variable 1         0.985        0.928        0.860        0.683 
variable 2         0.986        0.937        0.883        0.736 
variable 3         0.987        0.938        0.881        0.741 
variable 4         0.984        0.923        0.853        0.659 
variable 5         0.985        0.931        0.868        0.738 
variable 6         0.987        0.939        0.884        0.725 
variable 7         0.988        0.945        0.899        0.802 
variable 8         0.981        0.909        0.830        0.637 
variable 9         0.986        0.934        0.868        0.707 
variable 10        0.987        0.946        0.902        0.777 
variable 11        0.979        0.913        0.842        0.691 
variable 12        0.985        0.935        0.886        0.781 
variable 13        0.982        0.915        0.849        0.679 
variable 14        0.988        0.946        0.890        0.743 
variable 15        0.988        0.947        0.911        0.814 
variable 16        0.968        0.846        0.715        0.464 

Raftery-Lewis Diagnostics for each parameter 
(q=0.025000, r=0.010000, s=0.950000)
Variable          Thin       Burn   Total(N)     (Nmin)     I-stat 
variable 1           1         62      18257        937     19.485 
variable 2           1         62      18257        937     19.485 
variable 3           1         62      18257        937     19.485 
variable 4           1         62      18257        937     19.485 
variable 5           1         62      18257        937     19.485 
variable 6           1         62      18257        937     19.485 
variable 7           1         62      18257        937     19.485 
variable 8           1         62      18257        937     19.485 
variable 9           1         62      18257        937     19.485 
variable 10          1         62      18257        937     19.485 
variable 11          1         62      18257        937     19.485 
variable 12          1         62      18257        937     19.485 
variable 13          1         62      18257        937     19.485 
variable 14          1         62      18257        937     19.485 
variable 15          1         62      18257        937     19.485 
variable 16          1         62      18257        937     19.485 

Geweke Diagnostics for each parameter 
Variable            Mean      std dev      NSE iid      RNE iid 
variable 1      4.951769     1.654174     0.033083     1.000000 
variable 2     18.267546     2.472222     0.049444     1.000000 
variable 3     23.294802     2.043971     0.040879     1.000000 
variable 4     11.539443     4.879157     0.097583     1.000000 
variable 5      4.030787     2.201219     0.044024     1.000000 
variable 6     17.936270     1.481595     0.029632     1.000000 
variable 7      9.259486     1.576933     0.031539     1.000000 
variable 8     30.097295     1.824348     0.036487     1.000000 
variable 9     10.217803     1.070535     0.021411     1.000000 
variable 10     6.421581     1.680519     0.033610     1.000000 
variable 11    17.348406     0.779154     0.015583     1.000000 
variable 12    16.502872     2.758249     0.055165     1.000000 
variable 13    29.246513     1.897272     0.037945     1.000000 
variable 14    24.323181     7.922071     0.158441     1.000000 
variable 15     0.000002     0.000001     0.000000     1.000000 
variable 16     0.000003     0.000001     0.000000     1.000000 

Variable          NSE 4%       RNE 4%       NSE 8%       RNE 8%      NSE 15%      RNE 15% 
variable 1      0.417731     0.006272     0.324519     0.010393     0.224271     0.021761 
variable 2      0.666581     0.005502     0.656062     0.005680     0.545116     0.008227 
variable 3      0.444371     0.008463     0.451881     0.008184     0.299053     0.018686 
variable 4      0.638349     0.023369     0.471827     0.042774     0.359116     0.073838 
variable 5      0.477745     0.008492     0.391125     0.012669     0.221929     0.039351 
variable 6      0.321174     0.008512     0.314364     0.008885     0.288141     0.010576 
variable 7      0.407900     0.005978     0.411685     0.005869     0.304521     0.010726 
variable 8      0.236486     0.023805     0.193955     0.035390     0.128632     0.080460 
variable 9      0.257330     0.006923     0.274499     0.006084     0.213221     0.010083 
variable 10     0.462975     0.005270     0.527193     0.004065     0.459375     0.005353 
variable 11     0.163197     0.009118     0.142851     0.011900     0.115502     0.018202 
variable 12     0.716690     0.005925     0.608366     0.008222     0.532521     0.010731 
variable 13     0.411857     0.008488     0.393074     0.009319     0.298583     0.016151 
variable 14     2.009834     0.006215     2.311198     0.004700     2.141573     0.005474 
variable 15     0.000000     0.004232     0.000000     0.002912     0.000000     0.003288 
variable 16     0.000000     0.013020     0.000000     0.010098     0.000000     0.011592 

=================================================== 
MCMC CONVERGENCE diagnostics for chain number  4 
Based on sample size =       2501 
=================================================== 
Autocorrelation for each parameter 
Variable           Lag 1        Lag 5       Lag 10       Lag 25 
variable 1         0.986        0.935        0.862        0.651 
variable 2         0.986        0.934        0.872        0.707 
variable 3         0.980        0.905        0.809        0.557 
variable 4         0.978        0.904        0.816        0.633 
variable 5         0.989        0.948        0.900        0.767 
variable 6         0.987        0.944        0.891        0.747 
variable 7         0.986        0.941        0.887        0.731 
variable 8         0.985        0.932        0.871        0.769 
variable 9         0.988        0.943        0.884        0.725 
variable 10        0.987        0.938        0.883        0.719 
variable 11        0.987        0.937        0.874        0.728 
variable 12        0.990        0.954        0.908        0.789 
variable 13        0.982        0.928        0.868        0.749 
variable 14        0.982        0.911        0.823        0.580 
variable 15        0.988        0.948        0.898        0.761 
variable 16        0.977        0.898        0.812        0.634 

Raftery-Lewis Diagnostics for each parameter 
(q=0.025000, r=0.010000, s=0.950000)
Variable          Thin       Burn   Total(N)     (Nmin)     I-stat 
variable 1           1        184     112757        937    120.338 
variable 2           1        184     112757        937    120.338 
variable 3           1        184     112757        937    120.338 
variable 4           1        184     112757        937    120.338 
variable 5           1        184     112757        937    120.338 
variable 6           1        184     112757        937    120.338 
variable 7           1        184     112757        937    120.338 
variable 8           1        184     112757        937    120.338 
variable 9           1        184     112757        937    120.338 
variable 10          1        184     112757        937    120.338 
variable 11          1        184     112757        937    120.338 
variable 12          1        184     112757        937    120.338 
variable 13          1        184     112757        937    120.338 
variable 14          1        184     112757        937    120.338 
variable 15          1        184     112757        937    120.338 
variable 16          1        184     112757        937    120.338 

Geweke Diagnostics for each parameter 
Variable            Mean      std dev      NSE iid      RNE iid 
variable 1      5.173872     1.647366     0.032947     1.000000 
variable 2     19.582998     2.136450     0.042729     1.000000 
variable 3     21.461251     1.419470     0.028389     1.000000 
variable 4      7.394917     3.812629     0.076253     1.000000 
variable 5      4.126201     2.144332     0.042887     1.000000 
variable 6     18.221312     1.503223     0.030064     1.000000 
variable 7     10.038954     1.414818     0.028296     1.000000 
variable 8     29.213717     1.985162     0.039703     1.000000 
variable 9     10.085496     0.989820     0.019796     1.000000 
variable 10     6.833375     1.705053     0.034101     1.000000 
variable 11    17.689235     0.873902     0.017478     1.000000 
variable 12    16.709353     2.973396     0.059468     1.000000 
variable 13    30.665347     1.607763     0.032155     1.000000 
variable 14    18.370522     5.619217     0.112384     1.000000 
variable 15     0.000003     0.000001     0.000000     1.000000 
variable 16     0.000003     0.000001     0.000000     1.000000 

Variable          NSE 4%       RNE 4%       NSE 8%       RNE 8%      NSE 15%      RNE 15% 
variable 1      0.278404     0.014005     0.231194     0.020309     0.195932     0.028277 
variable 2      0.428585     0.009940     0.324836     0.017303     0.250376     0.029125 
variable 3      0.212905     0.017780     0.154949     0.033569     0.138408     0.042072 
variable 4      0.577880     0.017411     0.452966     0.028339     0.394321     0.037395 
variable 5      0.516253     0.006901     0.473253     0.008212     0.470852     0.008296 
variable 6      0.289376     0.010794     0.258042     0.013575     0.202419     0.022060 
variable 7      0.311631     0.008245     0.241783     0.013697     0.152763     0.034310 
variable 8      0.521069     0.005806     0.544608     0.005315     0.429097     0.008561 
variable 9      0.232101     0.007275     0.153732     0.016582     0.142748     0.019232 
variable 10     0.277663     0.015083     0.270055     0.015945     0.255995     0.017745 
variable 11     0.183722     0.009050     0.170203     0.010545     0.133769     0.017072 
variable 12     0.626679     0.009005     0.707880     0.007057     0.659567     0.008129 
variable 13     0.194227     0.027408     0.171133     0.035305     0.124917     0.066262 
variable 14     0.739976     0.023066     0.617043     0.033173     0.602919     0.034745 
variable 15     0.000000     0.009521     0.000000     0.015095     0.000000     0.018037 
variable 16     0.000000     0.014260     0.000000     0.021249     0.000000     0.054565 

=================================================== 
MCMC CONVERGENCE diagnostics for chain number  5 
Based on sample size =       2501 
=================================================== 
Autocorrelation for each parameter 
Variable           Lag 1        Lag 5       Lag 10       Lag 25 
variable 1         0.979        0.906        0.837        0.650 
variable 2         0.982        0.917        0.845        0.639 
variable 3         0.983        0.914        0.835        0.659 
variable 4         0.979        0.899        0.814        0.633 
variable 5         0.981        0.913        0.842        0.685 
variable 6         0.984        0.924        0.861        0.701 
variable 7         0.992        0.960        0.921        0.809 
variable 8         0.981        0.911        0.829        0.629 
variable 9         0.988        0.947        0.905        0.793 
variable 10        0.979        0.903        0.828        0.625 
variable 11        0.987        0.939        0.892        0.795 
variable 12        0.988        0.948        0.904        0.786 
variable 13        0.972        0.864        0.753        0.483 
variable 14        0.986        0.934        0.876        0.759 
variable 15        0.983        0.922        0.864        0.739 
variable 16        0.973        0.887        0.819        0.638 

Raftery-Lewis Diagnostics for each parameter 
(q=0.025000, r=0.010000, s=0.950000)
Variable          Thin       Burn   Total(N)     (Nmin)     I-stat 
variable 1           1        276     100287        937    107.030 
variable 2           1        276     100287        937    107.030 
variable 3           1        276     100287        937    107.030 
variable 4           1        276     100287        937    107.030 
variable 5           1        276     100287        937    107.030 
variable 6           1        276     100287        937    107.030 
variable 7           1        276     100287        937    107.030 
variable 8           1        276     100287        937    107.030 
variable 9           1        276     100287        937    107.030 
variable 10          1        276     100287        937    107.030 
variable 11          1        276     100287        937    107.030 
variable 12          1        276     100287        937    107.030 
variable 13          1        276     100287        937    107.030 
variable 14          1        276     100287        937    107.030 
variable 15          1        276     100287        937    107.030 
variable 16          1        276     100287        937    107.030 

Geweke Diagnostics for each parameter 
Variable            Mean      std dev      NSE iid      RNE iid 
variable 1      4.163180     1.301802     0.026036     1.000000 
variable 2     18.709191     1.984355     0.039687     1.000000 
variable 3     22.280281     1.608140     0.032163     1.000000 
variable 4      8.705163     4.421925     0.088439     1.000000 
variable 5      5.373832     1.984197     0.039684     1.000000 
variable 6     18.609424     1.299745     0.025995     1.000000 
variable 7      9.918602     1.649137     0.032983     1.000000 
variable 8     29.074275     1.968807     0.039376     1.000000 
variable 9      9.900738     1.124099     0.022482     1.000000 
variable 10     6.773003     1.670363     0.033407     1.000000 
variable 11    17.586052     0.972499     0.019450     1.000000 
variable 12    16.337068     3.359045     0.067181     1.000000 
variable 13    30.661098     1.705865     0.034117     1.000000 
variable 14    23.220341     6.970681     0.139414     1.000000 
variable 15     0.000002     0.000001     0.000000     1.000000 
variable 16     0.000003     0.000001     0.000000     1.000000 

Variable          NSE 4%       RNE 4%       NSE 8%       RNE 8%      NSE 15%      RNE 15% 
variable 1      0.196449     0.017565     0.189570     0.018863     0.123825     0.044211 
variable 2      0.366881     0.011702     0.293804     0.018247     0.224921     0.031134 
variable 3      0.350438     0.008423     0.361490     0.007916     0.236656     0.018470 
variable 4      0.982805     0.008097     1.001818     0.007793     0.730067     0.014674 
variable 5      0.337940     0.013790     0.281532     0.019869     0.231829     0.029302 
variable 6      0.287747     0.008161     0.295845     0.007721     0.232911     0.012457 
variable 7      0.452742     0.005307     0.507046     0.004231     0.397689     0.006878 
variable 8      0.356790     0.012180     0.303288     0.016856     0.244735     0.025887 
variable 9      0.334915     0.004506     0.379415     0.003511     0.353280     0.004050 
variable 10     0.380300     0.007717     0.324904     0.010572     0.188311     0.031472 
variable 11     0.311473     0.003899     0.349442     0.003098     0.294897     0.004350 
variable 12     0.948925     0.005012     0.905798     0.005501     0.570134     0.013885 
variable 13     0.289662     0.013873     0.235771     0.020940     0.145403     0.055055 
variable 14     1.790965     0.006059     1.238074     0.012680     0.925465     0.022693 
variable 15     0.000000     0.007184     0.000000     0.012647     0.000000     0.014040 
variable 16     0.000000     0.006779     0.000000     0.007155     0.000000     0.015398 

=================================================== 
MCMC CONVERGENCE diagnostics for chain number  6 
Based on sample size =       2501 
=================================================== 
Autocorrelation for each parameter 
Variable           Lag 1        Lag 5       Lag 10       Lag 25 
variable 1         0.978        0.901        0.831        0.621 
variable 2         0.980        0.907        0.829        0.643 
variable 3         0.981        0.910        0.826        0.694 
variable 4         0.977        0.896        0.805        0.615 
variable 5         0.985        0.926        0.861        0.681 
variable 6         0.989        0.948        0.901        0.764 
variable 7         0.986        0.935        0.873        0.705 
variable 8         0.987        0.937        0.885        0.753 
variable 9         0.984        0.925        0.857        0.724 
variable 10        0.990        0.956        0.918        0.816 
variable 11        0.984        0.927        0.868        0.752 
variable 12        0.988        0.942        0.889        0.751 
variable 13        0.984        0.926        0.861        0.710 
variable 14        0.979        0.903        0.827        0.620 
variable 15        0.976        0.888        0.791        0.572 
variable 16        0.968        0.852        0.741        0.512 

Raftery-Lewis Diagnostics for each parameter 
(q=0.025000, r=0.010000, s=0.950000)
Variable          Thin       Burn   Total(N)     (Nmin)     I-stat 
variable 1           1         87      25721        937     27.450 
variable 2           1         87      25721        937     27.450 
variable 3           1         87      25721        937     27.450 
variable 4           1         87      25721        937     27.450 
variable 5           1         87      25721        937     27.450 
variable 6           1         87      25721        937     27.450 
variable 7           1         87      25721        937     27.450 
variable 8           1         87      25721        937     27.450 
variable 9           1         87      25721        937     27.450 
variable 10          1         87      25721        937     27.450 
variable 11          1         87      25721        937     27.450 
variable 12          1         87      25721        937     27.450 
variable 13          1         87      25721        937     27.450 
variable 14          1         87      25721        937     27.450 
variable 15          1         87      25721        937     27.450 
variable 16          1         87      25721        937     27.450 

Geweke Diagnostics for each parameter 
Variable            Mean      std dev      NSE iid      RNE iid 
variable 1      4.365276     1.315963     0.026319     1.000000 
variable 2     18.986683     2.153250     0.043065     1.000000 
variable 3     22.809963     1.693894     0.033878     1.000000 
variable 4     10.808570     4.162299     0.083246     1.000000 
variable 5      4.433980     2.118864     0.042377     1.000000 
variable 6     18.753077     1.733206     0.034664     1.000000 
variable 7      9.309923     1.556366     0.031127     1.000000 
variable 8     30.636030     2.398920     0.047978     1.000000 
variable 9     10.117409     1.137114     0.022742     1.000000 
variable 10     6.816654     2.186594     0.043732     1.000000 
variable 11    17.386950     0.847188     0.016944     1.000000 
variable 12    16.470197     3.219759     0.064395     1.000000 
variable 13    30.348227     1.818466     0.036369     1.000000 
variable 14    21.488127     5.877643     0.117553     1.000000 
variable 15     0.000003     0.000001     0.000000     1.000000 
variable 16     0.000003     0.000001     0.000000     1.000000 

Variable          NSE 4%       RNE 4%       NSE 8%       RNE 8%      NSE 15%      RNE 15% 
variable 1      0.207074     0.016155     0.171371     0.023587     0.145191     0.032860 
variable 2      0.376620     0.013075     0.411169     0.010970     0.364023     0.013996 
variable 3      0.468251     0.005235     0.485432     0.004871     0.370717     0.008351 
variable 4      1.035522     0.006463     0.992297     0.007038     0.628237     0.017558 
variable 5      0.360999     0.013780     0.347402     0.014880     0.228546     0.034381 
variable 6      0.340120     0.010387     0.245119     0.019999     0.147377     0.055322 
variable 7      0.348788     0.007965     0.346192     0.008084     0.278975     0.012450 
variable 8      0.628435     0.005829     0.687680     0.004868     0.649408     0.005458 
variable 9      0.322913     0.004960     0.387805     0.003439     0.375323     0.003672 
variable 10     0.578874     0.005707     0.525234     0.006933     0.298125     0.021518 
variable 11     0.231234     0.005369     0.269490     0.003953     0.235129     0.005193 
variable 12     0.753473     0.007304     0.716924     0.008068     0.434400     0.021975 
variable 13     0.350066     0.010794     0.333890     0.011865     0.327798     0.012310 
variable 14     0.905899     0.016839     0.829753     0.020071     0.731081     0.025854 
variable 15     0.000000     0.012517     0.000000     0.014136     0.000000     0.018630 
variable 16     0.000000     0.011743     0.000000     0.011622     0.000000     0.025325 

=================================================== 
MCMC CONVERGENCE diagnostics for chain number  7 
Based on sample size =       2501 
=================================================== 
Autocorrelation for each parameter 
Variable           Lag 1        Lag 5       Lag 10       Lag 25 
variable 1         0.983        0.925        0.856        0.695 
variable 2         0.992        0.967        0.939        0.867 
variable 3         0.985        0.937        0.888        0.787 
variable 4         0.990        0.957        0.914        0.825 
variable 5         0.985        0.935        0.882        0.758 
variable 6         0.981        0.916        0.846        0.706 
variable 7         0.968        0.859        0.746        0.519 
variable 8         0.972        0.867        0.741        0.475 
variable 9         0.983        0.924        0.861        0.730 
variable 10        0.990        0.948        0.901        0.778 
variable 11        0.991        0.959        0.925        0.840 
variable 12        0.987        0.941        0.885        0.734 
variable 13        0.978        0.895        0.793        0.609 
variable 14        0.987        0.943        0.902        0.802 
variable 15        0.987        0.943        0.900        0.771 
variable 16        0.980        0.902        0.811        0.614 

Raftery-Lewis Diagnostics for each parameter 
(q=0.025000, r=0.010000, s=0.950000)
Variable          Thin       Burn   Total(N)     (Nmin)     I-stat 
variable 1           1        150      74883        937     79.918 
variable 2           1        150      74883        937     79.918 
variable 3           1        150      74883        937     79.918 
variable 4           1        150      74883        937     79.918 
variable 5           1        150      74883        937     79.918 
variable 6           1        150      74883        937     79.918 
variable 7           1        150      74883        937     79.918 
variable 8           1        150      74883        937     79.918 
variable 9           1        150      74883        937     79.918 
variable 10          1        150      74883        937     79.918 
variable 11          1        150      74883        937     79.918 
variable 12          1        150      74883        937     79.918 
variable 13          1        150      74883        937     79.918 
variable 14          1        150      74883        937     79.918 
variable 15          1        150      74883        937     79.918 
variable 16          1        150      74883        937     79.918 

Geweke Diagnostics for each parameter 
Variable            Mean      std dev      NSE iid      RNE iid 
variable 1      4.226025     1.470625     0.029412     1.000000 
variable 2     19.029194     3.261190     0.065224     1.000000 
variable 3     22.816262     1.778904     0.035578     1.000000 
variable 4      8.784148     5.423763     0.108475     1.000000 
variable 5      6.074115     2.202985     0.044060     1.000000 
variable 6     18.783640     1.280494     0.025610     1.000000 
variable 7      8.931379     1.078326     0.021567     1.000000 
variable 8     30.672373     1.733772     0.034675     1.000000 
variable 9      9.885747     1.044473     0.020889     1.000000 
variable 10     5.913368     1.977608     0.039552     1.000000 
variable 11    17.593203     0.982719     0.019654     1.000000 
variable 12    17.811846     3.070975     0.061420     1.000000 
variable 13    29.686892     1.717077     0.034342     1.000000 
variable 14    20.739793     7.772783     0.155456     1.000000 
variable 15     0.000002     0.000001     0.000000     1.000000 
variable 16     0.000003     0.000001     0.000000     1.000000 

Variable          NSE 4%       RNE 4%       NSE 8%       RNE 8%      NSE 15%      RNE 15% 
variable 1      0.372324     0.006241     0.385700     0.005815     0.374368     0.006173 
variable 2      1.004135     0.004219     1.010893     0.004163     1.017310     0.004111 
variable 3      0.454918     0.006116     0.361461     0.009688     0.329303     0.011673 
variable 4      1.310120     0.006856     0.804510     0.018180     0.717327     0.022868 
variable 5      0.496961     0.007860     0.342947     0.016505     0.322930     0.018615 
variable 6      0.260315     0.009679     0.225475     0.012901     0.198433     0.016657 
variable 7      0.194577     0.012285     0.202051     0.011393     0.146200     0.021760 
variable 8      0.299298     0.013423     0.315466     0.012082     0.239492     0.020963 
variable 9      0.249743     0.006996     0.207159     0.010168     0.197886     0.011144 
variable 10     0.397750     0.009888     0.380701     0.010794     0.320591     0.015221 
variable 11     0.290226     0.004586     0.261195     0.005662     0.251094     0.006127 
variable 12     0.688388     0.007961     0.652813     0.008852     0.546452     0.012633 
variable 13     0.278950     0.015156     0.294380     0.013609     0.248694     0.019068 
variable 14     1.846734     0.007086     1.578214     0.009702     1.405152     0.012240 
variable 15     0.000000     0.004585     0.000000     0.004280     0.000000     0.009561 
variable 16     0.000000     0.014547     0.000000     0.021687     0.000000     0.025833 

=================================================== 
MCMC CONVERGENCE diagnostics for chain number  8 
Based on sample size =       2501 
=================================================== 
Autocorrelation for each parameter 
Variable           Lag 1        Lag 5       Lag 10       Lag 25 
variable 1         0.977        0.883        0.786        0.559 
variable 2         0.971        0.864        0.746        0.467 
variable 3         0.965        0.837        0.686        0.360 
variable 4         0.979        0.904        0.813        0.583 
variable 5         0.984        0.923        0.856        0.694 
variable 6         0.989        0.945        0.895        0.764 
variable 7         0.984        0.923        0.851        0.714 
variable 8         0.977        0.897        0.810        0.605 
variable 9         0.985        0.927        0.855        0.689 
variable 10        0.985        0.929        0.864        0.689 
variable 11        0.984        0.923        0.850        0.653 
variable 12        0.983        0.920        0.845        0.643 
variable 13        0.987        0.939        0.885        0.721 
variable 14        0.984        0.925        0.855        0.653 
variable 15        0.975        0.883        0.780        0.531 
variable 16        0.978        0.905        0.823        0.609 

Raftery-Lewis Diagnostics for each parameter 
(q=0.025000, r=0.010000, s=0.950000)
Variable          Thin       Burn   Total(N)     (Nmin)     I-stat 
variable 1           1         85      24477        937     26.123 
variable 2           1         85      24477        937     26.123 
variable 3           1         85      24477        937     26.123 
variable 4           1         85      24477        937     26.123 
variable 5           1         85      24477        937     26.123 
variable 6           1         85      24477        937     26.123 
variable 7           1         85      24477        937     26.123 
variable 8           1         85      24477        937     26.123 
variable 9           1         85      24477        937     26.123 
variable 10          1         85      24477        937     26.123 
variable 11          1         85      24477        937     26.123 
variable 12          1         85      24477        937     26.123 
variable 13          1         85      24477        937     26.123 
variable 14          1         85      24477        937     26.123 
variable 15          1         85      24477        937     26.123 
variable 16          1         85      24477        937     26.123 

Geweke Diagnostics for each parameter 
Variable            Mean      std dev      NSE iid      RNE iid 
variable 1      5.173945     1.330518     0.026610     1.000000 
variable 2     18.422608     1.828621     0.036572     1.000000 
variable 3     22.232067     1.073075     0.021462     1.000000 
variable 4      7.611935     3.611477     0.072230     1.000000 
variable 5      5.516124     1.866813     0.037336     1.000000 
variable 6     17.966820     1.604206     0.032084     1.000000 
variable 7      9.798340     1.176613     0.023532     1.000000 
variable 8     30.962893     1.826814     0.036536     1.000000 
variable 9      9.868432     1.234603     0.024692     1.000000 
variable 10     6.029101     1.937046     0.038741     1.000000 
variable 11    17.811455     0.864072     0.017281     1.000000 
variable 12    17.296254     3.040895     0.060818     1.000000 
variable 13    31.170696     2.209810     0.044196     1.000000 
variable 14    23.212011     7.206414     0.144128     1.000000 
variable 15     0.000003     0.000001     0.000000     1.000000 
variable 16     0.000003     0.000001     0.000000     1.000000 

Variable          NSE 4%       RNE 4%       NSE 8%       RNE 8%      NSE 15%      RNE 15% 
variable 1      0.238106     0.012490     0.195744     0.018481     0.159574     0.027808 
variable 2      0.186405     0.038494     0.192578     0.036066     0.178032     0.042200 
variable 3      0.174809     0.015073     0.190404     0.012705     0.149396     0.020637 
variable 4      0.630889     0.013108     0.621346     0.013513     0.402530     0.032198 
variable 5      0.357072     0.010933     0.338979     0.012132     0.235089     0.025223 
variable 6      0.465415     0.004752     0.411545     0.006078     0.267278     0.014410 
variable 7      0.294643     0.006379     0.318585     0.005456     0.248519     0.008966 
variable 8      0.336212     0.011809     0.366900     0.009916     0.282623     0.016712 
variable 9      0.315998     0.006106     0.303975     0.006598     0.308419     0.006410 
variable 10     0.432295     0.008031     0.338159     0.013125     0.213344     0.032974 
variable 11     0.169852     0.010352     0.165150     0.010950     0.152324     0.012871 
variable 12     0.621587     0.009573     0.610643     0.009919     0.440673     0.019047 
variable 13     0.545370     0.006567     0.553816     0.006369     0.522465     0.007156 
variable 14     1.071045     0.018109     1.034055     0.019427     0.932474     0.023890 
variable 15     0.000000     0.014091     0.000000     0.022372     0.000000     0.028418 
variable 16     0.000000     0.013414     0.000000     0.025590     0.000000     0.035953 

=================================================== 
MCMC CONVERGENCE diagnostics for chain number  9 
Based on sample size =       2501 
=================================================== 
Autocorrelation for each parameter 
Variable           Lag 1        Lag 5       Lag 10       Lag 25 
variable 1         0.977        0.887        0.769        0.542 
variable 2         0.987        0.931        0.854        0.675 
variable 3         0.982        0.912        0.829        0.680 
variable 4         0.985        0.928        0.862        0.753 
variable 5         0.982        0.911        0.818        0.589 
variable 6         0.983        0.925        0.863        0.690 
variable 7         0.980        0.904        0.809        0.610 
variable 8         0.980        0.907        0.829        0.669 
variable 9         0.989        0.944        0.895        0.778 
variable 10        0.982        0.911        0.828        0.599 
variable 11        0.983        0.919        0.840        0.646 
variable 12        0.979        0.900        0.810        0.566 
variable 13        0.977        0.892        0.797        0.608 
variable 14        0.978        0.900        0.807        0.577 
variable 15        0.976        0.895        0.808        0.613 
variable 16        0.961        0.815        0.685        0.478 

Raftery-Lewis Diagnostics for each parameter 
(q=0.025000, r=0.010000, s=0.950000)
Variable          Thin       Burn   Total(N)     (Nmin)     I-stat 
variable 1           1        536     188109        937    200.757 
variable 2           1        536     188109        937    200.757 
variable 3           1        536     188109        937    200.757 
variable 4           1        536     188109        937    200.757 
variable 5           1        536     188109        937    200.757 
variable 6           1        536     188109        937    200.757 
variable 7           1        536     188109        937    200.757 
variable 8           1        536     188109        937    200.757 
variable 9           1        536     188109        937    200.757 
variable 10          1        536     188109        937    200.757 
variable 11          1        536     188109        937    200.757 
variable 12          1        536     188109        937    200.757 
variable 13          1        536     188109        937    200.757 
variable 14          1        536     188109        937    200.757 
variable 15          1        536     188109        937    200.757 
variable 16          1        536     188109        937    200.757 

Geweke Diagnostics for each parameter 
Variable            Mean      std dev      NSE iid      RNE iid 
variable 1      3.999571     1.313486     0.026270     1.000000 
variable 2     17.912635     2.328030     0.046561     1.000000 
variable 3     23.436005     1.757783     0.035156     1.000000 
variable 4     11.608134     4.731307     0.094626     1.000000 
variable 5      5.231679     1.877810     0.037556     1.000000 
variable 6     17.851628     1.271805     0.025436     1.000000 
variable 7      9.651007     1.157189     0.023144     1.000000 
variable 8     30.478029     2.076124     0.041522     1.000000 
variable 9      9.779855     1.340119     0.026802     1.000000 
variable 10     6.301730     1.522448     0.030449     1.000000 
variable 11    17.579147     0.860753     0.017215     1.000000 
variable 12    16.980203     2.523580     0.050472     1.000000 
variable 13    29.636459     1.664577     0.033292     1.000000 
variable 14    23.023677     5.809503     0.116190     1.000000 
variable 15     0.000002     0.000001     0.000000     1.000000 
variable 16     0.000003     0.000001     0.000000     1.000000 

Variable          NSE 4%       RNE 4%       NSE 8%       RNE 8%      NSE 15%      RNE 15% 
variable 1      0.288876     0.008270     0.219160     0.014368     0.142581     0.033946 
variable 2      0.490542     0.009009     0.544871     0.007302     0.540666     0.007416 
variable 3      0.384361     0.008366     0.376109     0.008737     0.281902     0.015552 
variable 4      1.293618     0.005351     1.413985     0.004479     1.247676     0.005752 
variable 5      0.390102     0.009268     0.250011     0.022565     0.239125     0.024667 
variable 6      0.263047     0.009350     0.230814     0.012144     0.137323     0.034309 
variable 7      0.160607     0.020765     0.103190     0.050303     0.067764     0.116645 
variable 8      0.468631     0.007851     0.485728     0.007308     0.447489     0.008610 
variable 9      0.328636     0.006651     0.340590     0.006193     0.347839     0.005937 
variable 10     0.313307     0.009445     0.300471     0.010269     0.220392     0.019088 
variable 11     0.145800     0.013941     0.135766     0.016078     0.117441     0.021487 
variable 12     0.414295     0.014841     0.298760     0.028540     0.208415     0.058646 
variable 13     0.302768     0.012091     0.232871     0.020438     0.144745     0.052901 
variable 14     1.157280     0.010080     1.220560     0.009062     0.865431     0.018025 
variable 15     0.000000     0.016910     0.000000     0.014993     0.000000     0.019710 
variable 16     0.000000     0.016928     0.000000     0.016786     0.000000     0.020048 

=================================================== 
MCMC CONVERGENCE diagnostics for chain number 10 
Based on sample size =       2501 
=================================================== 
Autocorrelation for each parameter 
Variable           Lag 1        Lag 5       Lag 10       Lag 25 
variable 1         0.982        0.913        0.835        0.614 
variable 2         0.980        0.899        0.810        0.611 
variable 3         0.990        0.955        0.910        0.792 
variable 4         0.993        0.965        0.933        0.854 
variable 5         0.991        0.959        0.920        0.805 
variable 6         0.985        0.927        0.867        0.756 
variable 7         0.983        0.927        0.869        0.700 
variable 8         0.983        0.918        0.842        0.658 
variable 9         0.980        0.907        0.840        0.690 
variable 10        0.987        0.936        0.884        0.774 
variable 11        0.982        0.917        0.841        0.656 
variable 12        0.986        0.929        0.865        0.729 
variable 13        0.976        0.895        0.806        0.621 
variable 14        0.988        0.940        0.883        0.738 
variable 15        0.985        0.930        0.865        0.701 
variable 16        0.975        0.886        0.782        0.557 

Raftery-Lewis Diagnostics for each parameter 
(q=0.025000, r=0.010000, s=0.950000)
Variable          Thin       Burn   Total(N)     (Nmin)     I-stat 
variable 1           1        311     127245        937    135.800 
variable 2           1        311     127245        937    135.800 
variable 3           1        311     127245        937    135.800 
variable 4           1        311     127245        937    135.800 
variable 5           1        311     127245        937    135.800 
variable 6           1        311     127245        937    135.800 
variable 7           1        311     127245        937    135.800 
variable 8           1        311     127245        937    135.800 
variable 9           1        311     127245        937    135.800 
variable 10          1        311     127245        937    135.800 
variable 11          1        311     127245        937    135.800 
variable 12          1        311     127245        937    135.800 
variable 13          1        311     127245        937    135.800 
variable 14          1        311     127245        937    135.800 
variable 15          1        311     127245        937    135.800 
variable 16          1        311     127245        937    135.800 

Geweke Diagnostics for each parameter 
Variable            Mean      std dev      NSE iid      RNE iid 
variable 1      4.658560     1.436862     0.028737     1.000000 
variable 2     17.948696     1.740771     0.034815     1.000000 
variable 3     23.389275     2.233449     0.044669     1.000000 
variable 4     11.177688     6.559012     0.131180     1.000000 
variable 5      4.566906     2.332528     0.046651     1.000000 
variable 6     17.904874     1.287186     0.025744     1.000000 
variable 7      9.208538     1.155259     0.023105     1.000000 
variable 8     30.210052     2.175870     0.043517     1.000000 
variable 9      9.941109     0.966942     0.019339     1.000000 
variable 10     5.939904     1.693006     0.033860     1.000000 
variable 11    17.779943     0.783217     0.015664     1.000000 
variable 12    17.965597     2.713930     0.054279     1.000000 
variable 13    30.433823     1.686378     0.033728     1.000000 
variable 14    23.489875     6.999162     0.139983     1.000000 
variable 15     0.000002     0.000001     0.000000     1.000000 
variable 16     0.000003     0.000001     0.000000     1.000000 

Variable          NSE 4%       RNE 4%       NSE 8%       RNE 8%      NSE 15%      RNE 15% 
variable 1      0.314635     0.008342     0.379736     0.005727     0.357801     0.006451 
variable 2      0.401397     0.007523     0.452613     0.005917     0.390364     0.007954 
variable 3      0.616296     0.005253     0.643553     0.004818     0.548945     0.006621 
variable 4      1.835608     0.005107     1.881259     0.004862     1.469819     0.007965 
variable 5      0.631860     0.005451     0.581886     0.006427     0.388680     0.014405 
variable 6      0.302237     0.007255     0.272292     0.008939     0.198540     0.016813 
variable 7      0.220515     0.010979     0.128443     0.032359     0.101080     0.052250 
variable 8      0.378434     0.013223     0.422085     0.010630     0.414458     0.011025 
variable 9      0.188746     0.010498     0.155258     0.015515     0.129400     0.022335 
variable 10     0.369212     0.008411     0.215648     0.024654     0.200943     0.028394 
variable 11     0.183732     0.007269     0.135641     0.013337     0.110789     0.019991 
variable 12     0.559161     0.009423     0.405113     0.017952     0.339129     0.025617 
variable 13     0.246383     0.018739     0.238526     0.019994     0.151702     0.049430 
variable 14     1.464616     0.009135     0.964862     0.021049     0.772053     0.032874 
variable 15     0.000000     0.009086     0.000000     0.010871     0.000000     0.028285 
variable 16     0.000000     0.008558     0.000000     0.013670     0.000000     0.031634 

