1.829976347713301e-02,1.713071205296355e-02,1.677222496393775e-03
1.875709074418527e-02,1.646145343508235e-02,1.555940923514654e-03
1.922584702393765e-02,1.591419915513021e-02,1.391243707858196e-03
1.970631793752127e-02,1.161958221554591e-02,1.069633721109595e-03
2.019879624399179e-02,1.120137033294189e-02,9.436524118559659e-04
2.070358201871249e-02,1.048549907298139e-02,8.339208023372389e-04
2.122098283619527e-02,1.105146266427180e-02,7.887065353685857e-04
2.175131395751097e-02,7.865398835109453e-03,6.143697092566096e-04
2.229489852238332e-02,8.180022705159303e-03,5.705933887146726e-04
2.285206774608339e-02,7.407138960205742e-03,5.040815733018378e-04
2.342316112124469e-02,6.532686812337611e-03,4.380488457947474e-04
2.400852662472177e-02,5.055015039858556e-03,3.548651497053349e-04
2.460852092961842e-02,4.428582733208783e-03,3.150570996961572e-04
2.522350962261456e-02,3.876763327783705e-03,2.769192284829942e-04
2.585386742672450e-02,3.409910069932898e-03,2.450340676346176e-04
2.649997842962188e-02,3.039937303275629e-03,2.205693922712571e-04
2.716223631767090e-02,2.537624791824998e-03,1.896776795053031e-04
2.784104461580603e-02,1.934452048836088e-03,1.572278464231424e-04
2.853681693340657e-02,1.771636466914794e-03,1.422243056098440e-04
2.924997721631588e-02,1.584110347805162e-03,1.283542349316487e-04
2.998096000515869e-02,1.817622783777286e-03,1.310580984423765e-04
3.073021070011414e-02,1.639543068560704e-03,1.194247300586604e-04
3.149818583230558e-02,1.603080030508103e-03,1.132051925564092e-04
3.228535334197272e-02,1.388595496811912e-03,1.011189267898310e-04
3.309219286359555e-02,1.212592427644156e-03,9.027255436393599e-05
3.391919601814372e-02,1.100201246796435e-03,8.195277058131485e-05
3.476686671262955e-02,1.152850243100211e-03,8.144394211691528e-05
3.563572144714702e-02,8.481734024828287e-04,6.555546681654827e-05
3.652628962958412e-02,9.093633539835444e-04,6.637036046637701e-05
3.743911389819998e-02,8.078840694254601e-04,5.989295429184790e-05
3.837475045226349e-02,6.683315062970674e-04,5.240914270065933e-05
3.933376939095502e-02,5.971950440745421e-04,4.777205248819098e-05
4.031675506073743e-02,4.544293827953378e-04,3.957878916063961e-05
4.132430641140827e-02,4.710157446098859e-04,3.851678522100617e-05
4.235703736105005e-02,4.401000841801141e-04,3.578691934226327e-05
4.341557717010087e-02,3.737992318706077e-04,3.159277935184591e-05
4.450057082477347e-02,3.465023431792196e-04,2.904691467786595e-05
4.561267943005625e-02,3.034105868351390e-04,2.599493198651318e-05
4.675258061253572e-02,3.167174822814156e-04,2.575681360775766e-05
4.792096893328582e-02,2.576306248470745e-04,2.208481767533537e-05
4.911855631107576e-02,2.328831818733886e-04,2.017636199081428e-05
5.034607245615415e-02,2.080010477188495e-04,1.825240192783202e-05
5.160426531487383e-02,1.872290088571986e-04,1.667125979810742e-05
5.289390152542819e-02,2.047093985125081e-04,1.676069448681618e-05
5.421576688497683e-02,1.486534247064095e-04,1.372377246044970e-05
5.557066682844503e-02,1.601423113095165e-04,1.369926497784586e-05
5.695942691928889e-02,1.389669220143561e-04,1.226462535746524e-05
5.838289335252513e-02,1.224142650365609e-04,1.110275126719442e-05
5.984193347033199e-02,1.047176155102534e-04,9.927783687546252e-06
6.133743629053552e-02,8.026638140559817e-05,8.438312567293584e-06
6.287031304830318e-02,7.987695297202638e-05,8.143235058496765e-06
6.444149775137481e-02,8.565357404724346e-05,8.254114248433674e-06
6.605194774916942e-02,5.598323429961509e-05,6.597905607738747e-06
6.770264431611427e-02,5.109114044836017e-05,6.136088927139502e-06
6.939459324955209e-02,5.109973429742077e-05,6.032212541565493e-06
7.112882548259036e-02,4.773507313662708e-05,5.812604575100193e-06
7.290639771226634e-02,3.691095739045807e-05,5.053757210826476e-06
7.472839304341033e-02,3.976553587553773e-05,5.238016285965750e-06
7.659592164859994e-02,3.739732185376954e-05,5.074927024519023e-06
7.851012144460688e-02,2.743395346348296e-05,4.240534197519884e-06
8.047215878574897e-02,2.363961484945738e-05,3.877520274762519e-06
8.248322917456952e-02,2.102284929705613e-05,3.579602490193723e-06
8.454455799027730e-02,1.731024347389196e-05,3.181745022681246e-06
8.665740123539079e-02,1.645205622529606e-05,3.044766983257213e-06
8.882304630104171e-02,1.868635629851600e-05,3.215983682391885e-06
9.104281275140437e-02,1.604803122740844e-05,2.931411972100739e-06
9.331805312772826e-02,1.257860964098386e-05,2.571446192159581e-06
9.565015377246444e-02,1.061547376442126e-05,2.324936881662491e-06
9.804053567398739e-02,1.403609897973204e-05,2.650714227519689e-06
1.004906553324273e-01,2.922807850071133e-05,3.796382291942831e-06
1.030020056471402e-01,4.804437351665021e-05,4.828061615082480e-06
1.055761168263568e-01,5.722914012641324e-05,5.268021378268915e-06
1.082145573195643e-01,7.994044750239274e-05,6.275177993414148e-06
1.109189347731892e-01,6.999171138829983e-05,5.823205609506205e-06
1.136908970101633e-01,4.018611782580349e-05,4.403840032561483e-06
1.165321330339703e-01,2.426168666538494e-05,3.451998849874108e-06
1.194443740577841e-01,1.688123023611789e-05,2.905000565739333e-06
1.224293945593262e-01,1.178739124600556e-05,2.486872570458617e-06
1.254890133620853e-01,6.347547979362046e-06,1.887484338400281e-06
1.286250947435567e-01,4.061307058516956e-06,1.596440925113272e-06
1.318395495711785e-01,8.611222421875735e-06,2.428945111338825e-06
1.351343364666556e-01,3.280703599071344e-06,1.569514268438374e-06
1.385114629993806e-01,2.581741746631465e-06,1.447871142132835e-06
1.419729869096798e-01,3.777611909004040e-06,1.897911795589941e-06
1.455210173626298e-01,3.324348773338809e-06,1.835920721045654e-06
1.491577162332068e-01,3.509520256797970e-06,1.998375747025803e-06
1.528852994235539e-01,4.446639520414472e-06,2.325494475209949e-06
1.567060382131677e-01,0.000000000000000e+00,0.000000000000000e+00
1.606222606428273e-01,1.452070620739117e-06,1.452196885108791e-06
1.646363529331091e-01,1.559723328068737e-06,1.559863342055675e-06
1.687507609383510e-01,0.000000000000000e+00,0.000000000000000e+00
1.729679916369533e-01,1.795039733096885e-06,1.795211240868110e-06
1.772906146589224e-01,0.000000000000000e+00,0.000000000000000e+00
1.817212638515907e-01,0.000000000000000e+00,0.000000000000000e+00
1.862626388844636e-01,0.000000000000000e+00,0.000000000000000e+00
1.909175068941740e-01,2.182751658684225e-06,2.262289024079364e-06
1.956887041705457e-01,1.575420635537470e-07,6.003219020890128e-07
2.009268991224141e-01,0.000000000000000e+00,0.000000000000000e+00
