 6.535008e-03 1.109141e+00 5.444257e-02
 6.697782e-03 1.026787e+00 4.720052e-02
 6.864611e-03 1.008384e+00 4.240821e-02
 7.035594e-03 9.057820e-01 3.514789e-02
 7.210837e-03 9.680771e-01 3.434521e-02
 7.390445e-03 1.019175e+00 3.203931e-02
 7.574526e-03 9.452980e-01 2.706088e-02
 7.763192e-03 9.240072e-01 2.475234e-02
 7.956558e-03 9.777135e-01 2.373682e-02
 8.154740e-03 9.483568e-01 2.140998e-02
 8.357858e-03 9.477484e-01 1.973639e-02
 8.566035e-03 9.428800e-01 1.857935e-02
 8.779398e-03 9.280140e-01 1.722760e-02
 8.998075e-03 9.610871e-01 1.677408e-02
 9.222199e-03 9.502141e-01 1.537268e-02
 9.451906e-03 9.633664e-01 1.465287e-02
 9.687334e-03 8.963293e-01 1.327205e-02
 9.928626e-03 7.550547e-01 1.133668e-02
 1.017593e-02 5.159815e-01 8.636690e-03
 1.042939e-02 3.408379e-01 6.479771e-03
 1.068917e-02 2.454596e-01 5.155004e-03
 1.095541e-02 1.951335e-01 4.685296e-03
 1.122829e-02 1.467403e-01 3.964432e-03
 1.150796e-02 1.218148e-01 3.423422e-03
 1.179460e-02 1.036885e-01 2.964394e-03
 1.208838e-02 8.400580e-02 2.501778e-03
 1.238948e-02 7.610613e-02 2.291499e-03
 1.269808e-02 5.942955e-02 1.904726e-03
 1.301436e-02 5.348946e-02 1.747415e-03
 1.333852e-02 4.108060e-02 1.441611e-03
 1.367076e-02 3.532777e-02 1.280117e-03
 1.401127e-02 3.247522e-02 1.180532e-03
 1.436026e-02 2.548705e-02 1.003698e-03
 1.471795e-02 2.330086e-02 9.190790e-04
 1.508454e-02 1.925513e-02 7.969430e-04
 1.546027e-02 1.688472e-02 7.169502e-04
 1.584535e-02 1.411424e-02 6.221092e-04
 1.624003e-02 1.196512e-02 5.456261e-04
 1.664454e-02 9.661483e-03 4.712504e-04
 1.705912e-02 8.399176e-03 4.211129e-04
 1.748403e-02 7.083757e-03 3.708495e-04
 1.791952e-02 6.220849e-03 3.319554e-04
 1.836586e-02 4.736047e-03 2.766749e-04
 1.882332e-02 4.585152e-03 2.621068e-04
 1.929217e-02 3.518630e-03 2.205497e-04
 1.977270e-02 2.684960e-03 1.851210e-04
 2.026519e-02 2.468293e-03 1.717153e-04
 2.076996e-02 2.044833e-03 1.503846e-04
 2.128730e-02 1.751607e-03 1.349793e-04
 2.181752e-02 1.374053e-03 1.153993e-04
 2.236095e-02 1.269785e-03 1.076196e-04
 2.291792e-02 9.498430e-04 9.073178e-05
 2.348876e-02 1.044427e-03 9.347343e-05
 2.407382e-02 8.039710e-04 8.006263e-05
 2.467345e-02 6.565770e-04 7.165602e-05
 2.528801e-02 6.598712e-04 7.112061e-05
 2.591789e-02 6.788716e-04 7.145309e-05
 2.656345e-02 5.588477e-04 6.448961e-05
 2.722509e-02 5.293695e-04 6.287601e-05
 2.790322e-02 4.931281e-04 5.968389e-05
 2.859823e-02 4.688921e-04 5.719019e-05
 2.931055e-02 4.837642e-04 5.682576e-05
 3.004062e-02 3.886799e-04 4.994724e-05
 3.078887e-02 4.388715e-04 4.457709e-05
 3.155576e-02 3.351463e-04 3.735224e-05
 3.234175e-02 3.457953e-04 3.618830e-05
 3.314732e-02 3.269976e-04 3.414785e-05
 3.397295e-02 2.738800e-04 2.989725e-05
 3.481915e-02 2.338570e-04 2.602966e-05
 3.568643e-02 1.648465e-04 2.065762e-05
 3.657531e-02 1.899949e-04 2.144088e-05
 3.748632e-02 1.124044e-04 1.548222e-05
 3.842003e-02 8.516824e-05 1.276367e-05
 3.937700e-02 6.634750e-05 1.074622e-05
 4.035780e-02 5.049802e-05 8.986735e-06
 4.136303e-02 3.024217e-05 6.673025e-06
 4.239330e-02 3.891604e-05 7.349294e-06
 4.344924e-02 2.602352e-05 5.778734e-06
 4.453147e-02 2.477267e-05 5.423028e-06
 4.564066e-02 1.978307e-05 4.624320e-06
 4.677748e-02 1.362194e-05 3.761480e-06
 4.794261e-02 1.903488e-05 4.260859e-06
 4.913677e-02 1.200766e-05 3.233856e-06
 5.036066e-02 1.522003e-05 3.577670e-06
 5.161505e-02 1.352991e-05 3.182548e-06
 5.290067e-02 1.876239e-05 3.687752e-06
 5.421832e-02 1.254669e-05 2.863537e-06
 5.556879e-02 1.446096e-05 3.002457e-06
 5.695290e-02 1.688314e-05 3.180362e-06
 5.837149e-02 1.780001e-05 3.149630e-06
 5.982540e-02 1.110763e-05 2.406736e-06
 6.131553e-02 1.271818e-05 2.475260e-06
 6.284278e-02 9.479084e-06 2.028195e-06
 6.440807e-02 7.196228e-06 1.696255e-06
 6.601234e-02 8.102611e-06 1.744678e-06
 6.765658e-02 3.474605e-06 1.080171e-06
 6.934177e-02 4.729225e-06 1.214272e-06
 7.106893e-02 4.519384e-06 1.149978e-06
 7.283912e-02 3.130121e-06 8.994015e-07
 7.465340e-02 3.719901e-06 9.417708e-07
 7.651286e-02 3.094186e-06 8.252220e-07
 7.841865e-02 3.695023e-06 8.777341e-07
 8.037190e-02 4.096840e-06 8.927480e-07
 8.237380e-02 4.559757e-06 9.050029e-07
 8.442557e-02 2.983706e-06 6.929481e-07
 8.652844e-02 3.730098e-06 7.521786e-07
 8.868369e-02 4.048555e-06 7.619324e-07
 9.089262e-02 3.261819e-06 6.542249e-07
 9.315658e-02 2.804504e-06 5.850715e-07
 9.547692e-02 3.492506e-06 6.373214e-07
 9.785506e-02 2.111213e-06 4.685100e-07
 1.002924e-01 1.738585e-06 4.084167e-07
 1.027905e-01 2.308217e-06 4.644159e-07
 1.053508e-01 3.552683e-06 5.806505e-07
 1.079749e-01 4.260800e-06 6.355371e-07
 1.106643e-01 3.537016e-06 5.592513e-07
 1.134208e-01 3.224658e-06 5.255333e-07
 1.162459e-01 2.650742e-06 4.660141e-07
 1.191413e-01 2.185910e-06 4.143834e-07
 1.221089e-01 1.537871e-06 3.399345e-07
 1.251504e-01 1.984106e-06 3.913728e-07
 1.282676e-01 3.811363e-06 5.616471e-07
 1.314625e-01 5.564761e-06 6.992581e-07
 1.347370e-01 8.248699e-06 8.933352e-07
 1.380930e-01 7.828744e-06 8.515807e-07
 1.415326e-01 8.065792e-06 8.604525e-07
 1.450579e-01 6.232461e-06 7.161930e-07
 1.486710e-01 4.595959e-06 5.824713e-07
 1.523741e-01 2.532197e-06 4.017449e-07
 1.561694e-01 9.740755e-07 2.333810e-07
 1.600593e-01 6.248977e-07 1.816114e-07
 1.640461e-01 7.981221e-07 2.060086e-07
 1.681321e-01 5.576127e-07 1.690926e-07
 1.723200e-01 7.602479e-07 1.985294e-07
 1.766121e-01 6.634896e-07 1.859095e-07
 1.810112e-01 4.510379e-07 1.507337e-07
 1.855198e-01 6.941129e-07 1.897698e-07
 1.901407e-01 6.370287e-07 1.817840e-07
 1.948767e-01 2.329317e-07 1.090626e-07
 1.997307e-01 6.094119e-07 1.828765e-07
 2.047056e-01 2.959125e-07 1.306601e-07
 2.098044e-01 1.329767e-07 9.137047e-08
 2.150302e-01 5.614836e-07 2.004276e-07
 2.203862e-01 5.774781e-07 2.116647e-07
 2.258756e-01 3.626311e-07 1.712996e-07
 2.315017e-01 5.848554e-07 2.353573e-07
 2.372679e-01 5.265554e-07 2.299816e-07
 2.431778e-01 5.520734e-07 2.473667e-07
 2.492349e-01 2.436857e-07 1.725857e-07
 2.554428e-01 3.783280e-07 2.240494e-07
 2.618054e-01 3.037026e-07 2.099971e-07
 2.683265e-01 1.729548e-07 1.650615e-07
 2.750099e-01 4.063458e-07 2.587782e-07
 2.818599e-01 2.391362e-07 2.028645e-07