2.091424706226091e-02	4.870286052505652e-03	7.852386339341377e-04	4.131889359075783e-02
2.143657473166284e-02	2.614047167683663e-03	5.261146194116788e-04	4.235082179392375e-02
2.197194739347644e-02	1.828937004649638e-03	4.041629548601499e-04	4.340852212513929e-02
2.252069084286246e-02	1.632058317538935e-03	3.423573310896752e-04	4.449263823633891e-02
2.308313901162777e-02	1.028774119847467e-03	2.434094013859514e-04	4.560382985449024e-02
2.365963417143588e-02	9.839750921221363e-04	2.181559196168220e-04	4.674277318306366e-02
2.425052714209263e-02	5.104054732900598e-04	1.422567639633456e-04	4.791016131352852e-02
2.485617750503370e-02	4.062615873998008e-04	1.204454212842087e-04	4.910670464712633e-02
2.547695382214400e-02	5.138036722213648e-04	1.234551165747748e-04	5.033313132717770e-02
2.611323386004188e-02	2.045187317804722e-04	7.246882866960613e-05	5.159018768218588e-02
2.676540481996497e-02	2.914955516382474e-04	8.118357770003319e-05	5.287863868000686e-02
2.743386357339716e-02	2.662082960220238e-04	6.996246013349126e-05	5.419926839336214e-02
2.811901690358040e-02	2.653145597200844e-04	6.714675315030376e-05	5.555288047697756e-02
2.882128175305823e-02	2.804812431920038e-04	6.490714262641963e-05	5.694029865663863e-02
2.954108547740153e-02	2.718701014448852e-04	6.042282658501272e-05	5.836236723045976e-02
3.027886610527112e-02	3.860026196132876e-04	6.882413000402487e-05	5.981995158267265e-02
3.103507260497524e-02	2.959901865766241e-04	5.677811669872663e-05	6.131393871024636e-02
3.181016515768434e-02	3.273556116652990e-04	5.662980574367619e-05	6.284523776265959e-02
3.260461543746924e-02	3.327476332221744e-04	5.406729871008004e-05	6.441478059515358e-02
3.341890689833327e-02	2.865329102075222e-04	4.767350547482319e-05	6.602352233580253e-02
3.425353506841283e-02	2.860652703364455e-04	4.572263606905616e-05	6.767244196674611e-02
3.510900785152566e-02	2.288762418011456e-04	3.844858228894112e-05	6.936254291993850e-02
3.598584583625009e-02	2.194344051108324e-04	3.619166520005435e-05	7.109485368777575e-02
3.688458261272354e-02	2.790614840439170e-04	3.908557578750526e-05	7.287042844897364e-02
3.780576509735296e-02	1.634259395595863e-04	2.897072425435146e-05	7.469034771007652e-02
3.874995386563476e-02	1.635700581519252e-04	2.742288201271315e-05	7.655571896298773e-02
3.971772349328692e-02	1.449655175711354e-04	2.499671137020295e-05	7.846767735892168e-02
4.070966290590072e-02	1.273357265819389e-04	2.199800173227866e-05	8.042738639918764e-02
4.172637573732497e-02	9.613239797589881e-05	1.879576070226895e-05	8.243603864322571e-02
4.276848069700073e-02	6.209890373454387e-05	1.438743187641435e-05	8.449485643432571e-02
4.383661194647021e-02	4.801964878111144e-05	1.223228738944517e-05	8.660509264347094e-02
4.493141948528875e-02	4.790447880174285e-05	1.181020056457555e-05	8.876803143175897e-02
4.605356954657498e-02	3.149730610371701e-05	9.102818849308818e-06	9.098498903186374e-02
4.720374500243966e-02	1.836820851279082e-05	6.647715898930263e-06	9.325731454901466e-02
4.838264577953999e-02	1.628430928124659e-05	6.015793147710329e-06	9.558639078197967e-02
4.959098928501231e-02	2.441417342046980e-05	7.095320593590202e-06	9.797363506455230e-02
5.082951084304235e-02	2.029245048008005e-05	6.136769516861723e-06	1.004205001280547e-01
5.209896414233874e-02	1.214012979039562e-05	4.539083757642296e-06	1.029284749853811e-01
5.340012169478188e-02	2.638516455159987e-05	6.486140855633427e-06	1.054990858371206e-01
5.473377530552774e-02	2.780363892119736e-05	6.380291180559189e-06	1.081338970003096e-01
5.610073655485205e-02	1.991805935979608e-05	5.144390608709051e-06	1.108345118603798e-01
5.750183729202867e-02	1.620480721201655e-05	4.447454739707675e-06	1.136025738468807e-01
5.893793014154232e-02	2.101515585844294e-05	4.894837403979560e-06	1.164397674335710e-01
6.040988902194382e-02	2.067514895869757e-05	4.664210396877668e-06	1.193478191634861e-01
6.191860967766367e-02	1.697358511804011e-05	4.076054814231697e-06	1.223284986996075e-01
6.346501022410753e-02	1.047692355288625e-05	3.079365809963709e-06	1.253836199017712e-01
6.505003170636521e-02	6.301951234510250e-06	2.288119209219713e-06	1.285150419304728e-01
6.667463867187337e-02	1.072385673025145e-05	2.882186728681166e-06	1.317246703782386e-01
6.833981975738031e-02	6.754257251353557e-06	2.208985248694947e-06	1.350144584292537e-01
7.004658829056995e-02	7.799661399774639e-06	2.301205699480010e-06	1.383864080479503e-01
7.179598290671134e-02	6.943554873319697e-06	2.112001367766875e-06	1.418425711972813e-01
7.358906818070876e-02	8.079888308941072e-06	2.219664821333317e-06	1.453850510874201e-01
7.542693527493703e-02	6.354390402977499e-06	1.958179090528028e-06	1.490160034556458e-01
7.731070260325650e-02	2.825687034698103e-06	1.263970633084609e-06	1.527376378781935e-01
7.924151651161145e-02	5.027117010231584e-06	1.658598320633861e-06	1.565522191148679e-01
8.122055197562640e-02	2.066431475621735e-06	1.059030416887512e-06	1.604620684872378e-01
8.324901331562462e-02	4.262607009539556e-06	1.507926728331305e-06	1.644695652912510e-01
8.532813492950403e-02	5.558511340836661e-06	1.719120300494100e-06	1.685771482451286e-01
8.745918204391656e-02	4.354175325004942e-06	1.521080465681285e-06	1.727873169734206e-01
8.964345148420785e-02	2.654629185441388e-06	1.155444165113237e-06	1.771026335281244e-01
9.188227246358618e-02	4.921654529129162e-06	1.552287337065461e-06	1.815257239477940e-01
9.417700739200061e-02	1.407513748365644e-06	8.127492768874838e-07	1.860592798555868e-01
9.652905270522044e-02	4.949268622358226e-06	1.492721962627446e-06	1.907060600972211e-01
9.893983971462109e-02	3.051268232700786e-06	1.153485914757332e-06	1.954688924198415e-01
1.014108354781928e-01	2.334226192881941e-06	9.998732488595486e-07	2.003506751928139e-01
1.039435436933028e-01	2.286834677408241e-06	9.740235835864937e-07	2.053543791714956e-01
1.065395056117536e-01	2.049419024341285e-06	9.111999520065965e-07	2.104830493050563e-01
1.092003009776952e-01	1.166274436639426e-06	6.763236864481840e-07	2.157398065894488e-01
1.119275489889608e-01	7.672352975442051e-06	1.721702214824278e-06	2.211278499666560e-01
1.147229092824121e-01	4.873245602389465e-06	1.360668608979128e-06	2.266504582713730e-01
1.175880829438929e-01	3.343333743563879e-06	1.114831225334423e-06	2.323109922263051e-01
1.205248135434063e-01	3.444395424719149e-06	1.130379645447625e-06	2.381128964872993e-01
1.235348881961452e-01	3.024959804563801e-06	1.069692787128830e-06	2.440597017395516e-01
1.266201386500215e-01	1.911035286655627e-06	8.441558667694185e-07	2.501550268461667e-01
1.297824424003562e-01	5.602047524548224e-06	1.446898121928562e-06	2.564025810503777e-01
1.330237238324090e-01	5.066629055011784e-06	1.383721269439072e-06	2.628061662327653e-01
1.363459553924409e-01	7.302513278294645e-06	1.685691380617496e-06	2.693696792248499e-01
1.397511587880259e-01	8.554446292542046e-06	1.856788675504355e-06	2.760971141804667e-01
1.432414062183380e-01	1.006055196692645e-05	2.098003477819371e-06	2.829925650063639e-01
1.468188216351659e-01	7.696187206924410e-06	1.912923841581510e-06	2.900602278535040e-01
1.504855820354203e-01	3.168561871277925e-06	1.279669786071210e-06	2.973044036705862e-01
1.542439187859214e-01	4.164161847689163e-06	1.560726566134633e-06	3.047295008213418e-01
1.580961189812729e-01	2.385306874120150e-06	1.236291482315457e-06	3.123400377671944e-01
1.620445268356484e-01	9.510439720958782e-08	2.485557972139120e-07	3.201406458169213e-01
1.660915451093368e-01	0.000000000000000e+00	0.000000000000000e+00	3.281360719449852e-01
1.702396365709161e-01	5.753361536482458e-07	7.183531099385343e-07	3.363311816802529e-01
1.744913254959444e-01	3.136099897496923e-07	5.238603255633064e-07	3.447309620668605e-01
1.788491992030793e-01	0.000000000000000e+00	0.000000000000000e+00	3.533405246990238e-01
1.833159096285632e-01	9.832920468260104e-07	1.050570715640360e-06	3.621651088316426e-01
1.878941749400294e-01	1.355794333623343e-07	3.853224878844331e-07	3.712100845685927e-01
1.925867811906135e-01	1.291894556353076e-06	1.292014122680492e-06	3.804809561306430e-01
1.973965840143753e-01	0.000000000000000e+00	0.000000000000000e+00	3.899833652049888e-01
2.023265103640636e-01	0.000000000000000e+00	0.000000000000000e+00	3.997230943784389e-01
2.073795602922814e-01	0.000000000000000e+00	0.000000000000000e+00	4.097060706563451e-01
2.125588087771349e-01	1.427970516648220e-06	1.566181304615659e-06	4.199383690694164e-01
2.178674075934774e-01	1.750287988658373e-06	1.770121528821499e-06	4.304262163706123e-01
2.233085872308877e-01	3.355044163098114e-07	7.701779158699019e-07	4.411759948243651e-01
2.294621864006451e-01	0.000000000000000e+00	0.000000000000000e+00	4.533332533925775e-01
