2.091424706226091e-02	4.375373001206742e-03	8.002568718381451e-04	4.131889359075783e-02
2.143657473166284e-02	2.202715880119431e-03	5.172117216261078e-04	4.235082179392375e-02
2.197194739347644e-02	1.744755611139857e-03	4.231606663474640e-04	4.340852212513929e-02
2.252069084286246e-02	1.074790370738762e-03	3.052759993347157e-04	4.449263823633891e-02
2.308313901162777e-02	9.518372735862958e-04	2.565475549413008e-04	4.560382985449024e-02
2.365963417143588e-02	8.574119105963808e-04	2.230836236013260e-04	4.674277318306366e-02
2.425052714209263e-02	4.836191635282507e-04	1.529422489998021e-04	4.791016131352852e-02
2.485617750503370e-02	3.385449253753380e-04	1.215885333761720e-04	4.910670464712633e-02
2.547695382214400e-02	3.359203743864520e-04	1.097454949995693e-04	5.033313132717770e-02
2.611323386004188e-02	1.961357601404797e-04	7.684134198644183e-05	5.159018768218588e-02
2.676540481996497e-02	2.897655347715566e-04	8.765766061841043e-05	5.287863868000686e-02
2.743386357339716e-02	2.399642229375885e-04	7.329962571029367e-05	5.419926839336214e-02
2.811901690358040e-02	3.727274389849038e-04	8.695757102131250e-05	5.555288047697756e-02
2.882128175305823e-02	1.773664766869046e-04	5.664445470891013e-05	5.694029865663863e-02
2.954108547740153e-02	3.888413474085531e-04	7.909096695616163e-05	5.836236723045976e-02
3.027886610527112e-02	2.550115967908743e-04	6.093282814011176e-05	5.981995158267265e-02
3.103507260497524e-02	1.974298625200343e-04	5.026009700097280e-05	6.131393871024636e-02
3.181016515768434e-02	2.671256233116627e-04	5.577132500726928e-05	6.284523776265959e-02
3.260461543746924e-02	3.477552691860285e-04	6.050425223132432e-05	6.441478059515358e-02
3.341890689833327e-02	2.173846617344843e-04	4.546720438877761e-05	6.602352233580253e-02
3.425353506841283e-02	2.619915557519977e-04	4.742699221044180e-05	6.767244196674611e-02
3.510900785152566e-02	3.480328512571321e-04	5.228479869928911e-05	6.936254291993850e-02
3.598584583625009e-02	2.557808775254056e-04	4.255800097387643e-05	7.109485368777575e-02
3.688458261272354e-02	1.674859472945323e-04	3.319116953587453e-05	7.287042844897364e-02
3.780576509735296e-02	2.041809511601755e-04	3.510414117272787e-05	7.469034771007652e-02
3.874995386563476e-02	1.471453109136559e-04	2.851120277153411e-05	7.655571896298773e-02
3.971772349328692e-02	1.562423006035994e-04	2.851707838953377e-05	7.846767735892168e-02
4.070966290590072e-02	1.160800345702762e-04	2.302016918722947e-05	8.042738639918764e-02
4.172637573732497e-02	9.047438216569906e-05	1.980877781063557e-05	8.243603864322571e-02
4.276848069700073e-02	5.559792128628227e-05	1.497539804661663e-05	8.449485643432571e-02
4.383661194647021e-02	4.305055813102478e-05	1.275433779096858e-05	8.660509264347094e-02
4.493141948528875e-02	2.984865796921726e-05	1.010169383679519e-05	8.876803143175897e-02
4.605356954657498e-02	2.806762875600122e-05	9.365082281594891e-06	9.098498903186374e-02
4.720374500243966e-02	9.399173527913653e-06	5.155569229535224e-06	9.325731454901466e-02
4.838264577953999e-02	1.506599513182494e-05	6.331662878722366e-06	9.558639078197967e-02
4.959098928501231e-02	1.690587440781296e-05	6.423988228208899e-06	9.797363506455230e-02
5.082951084304235e-02	2.439889140405860e-05	7.400352928795687e-06	1.004205001280547e-01
5.209896414233874e-02	2.170635566208456e-05	6.689332083978293e-06	1.029284749853811e-01
5.340012169478188e-02	1.832088342896652e-05	5.913540011117080e-06	1.054990858371206e-01
5.473377530552774e-02	1.708544193839237e-05	5.426468699452533e-06	1.081338970003096e-01
5.610073655485205e-02	2.866358167723098e-05	6.751143255614712e-06	1.108345118603798e-01
5.750183729202867e-02	1.728303027345416e-05	5.026930713036499e-06	1.136025738468807e-01
5.893793014154232e-02	1.526212901499157e-05	4.540365029343185e-06	1.164397674335710e-01
6.040988902194382e-02	2.131002321762494e-05	5.177240828318775e-06	1.193478191634861e-01
6.191860967766367e-02	1.451584358415106e-05	4.130020691836813e-06	1.223284986996075e-01
6.346501022410753e-02	1.355356948252313e-05	3.827332761337492e-06	1.253836199017712e-01
6.505003170636521e-02	1.153013690874397e-05	3.382936004385667e-06	1.285150419304728e-01
6.667463867187337e-02	1.139069339146415e-05	3.244491731836055e-06	1.317246703782386e-01
6.833981975738031e-02	5.189971839700934e-06	2.119165497914959e-06	1.350144584292537e-01
7.004658829056995e-02	7.365882977658505e-06	2.456761577808199e-06	1.383864080479503e-01
7.179598290671134e-02	4.284890607704294e-06	1.812090621438626e-06	1.418425711972813e-01
7.358906818070876e-02	3.914564518080284e-06	1.684913681783340e-06	1.453850510874201e-01
7.542693527493703e-02	7.992702583325988e-06	2.392536506088485e-06	1.490160034556458e-01
7.731070260325650e-02	4.296438449580729e-06	1.708360131652566e-06	1.527376378781935e-01
7.924151651161145e-02	4.294029034028334e-06	1.684945408785315e-06	1.565522191148679e-01
8.122055197562640e-02	1.296760754441330e-06	9.170346630120088e-07	1.604620684872378e-01
8.324901331562462e-02	4.503252229705506e-06	1.697963766804494e-06	1.644695652912510e-01
8.532813492950403e-02	4.097410370041030e-06	1.616965771742671e-06	1.685771482451286e-01
8.745918204391656e-02	4.535670137345287e-06	1.691090093213438e-06	1.727873169734206e-01
8.964345148420785e-02	1.991896340704035e-06	1.099993353906557e-06	1.771026335281244e-01
9.188227246358618e-02	4.510002724396271e-06	1.624187320892207e-06	1.815257239477940e-01
9.417700739200061e-02	3.851506235554183e-06	1.474388841670829e-06	1.860592798555868e-01
9.652905270522044e-02	2.960970481665867e-06	1.260782551091026e-06	1.907060600972211e-01
9.893983971462109e-02	2.592337779812435e-06	1.159624825731651e-06	1.954688924198415e-01
1.014108354781928e-01	1.347679089387826e-06	8.303843387449067e-07	2.003506751928139e-01
1.039435436933028e-01	2.594828634555873e-06	1.131261530603769e-06	2.053543791714956e-01
1.065395056117536e-01	4.414424122735519e-06	1.462441582830029e-06	2.104830493050563e-01
1.092003009776952e-01	4.630215843855204e-06	1.474103627405284e-06	2.157398065894488e-01
1.119275489889608e-01	4.025863156635073e-06	1.361892240122166e-06	2.211278499666560e-01
1.147229092824121e-01	3.146595944371234e-06	1.194219777182278e-06	2.266504582713730e-01
1.175880829438929e-01	2.396127924706593e-06	1.033471690132687e-06	2.323109922263051e-01
1.205248135434063e-01	2.668367597979011e-06	1.084781633346902e-06	2.381128964872993e-01
1.235348881961452e-01	1.763766557848701e-06	8.919625648881656e-07	2.440597017395516e-01
1.266201386500215e-01	2.894265353731183e-06	1.134821120406610e-06	2.501550268461667e-01
1.297824424003562e-01	2.986435196310053e-06	1.155862918234026e-06	2.564025810503777e-01
1.330237238324090e-01	6.589939286562072e-06	1.729183285621659e-06	2.628061662327653e-01
1.363459553924409e-01	8.039943762179585e-06	1.928351029350393e-06	2.693696792248499e-01
1.397511587880259e-01	7.326314244934190e-06	1.885818914416761e-06	2.760971141804667e-01
1.432414062183380e-01	9.355046486282962e-06	2.203498889574805e-06	2.829925650063639e-01
1.468188216351659e-01	7.105979336760088e-06	1.995643375294433e-06	2.900602278535040e-01
1.504855820354203e-01	4.435471900567451e-06	1.670488410068313e-06	2.973044036705862e-01
1.542439187859214e-01	4.357646381664414e-06	1.725626399184807e-06	3.047295008213418e-01
1.580961189812729e-01	4.795414924426162e-06	1.908071860276876e-06	3.123400377671944e-01
1.620445268356484e-01	1.946662054058517e-06	1.286482989710610e-06	3.201406458169213e-01
1.660915451093368e-01	1.105537849108838e-07	3.329388225730623e-07	3.281360719449852e-01
1.702396365709161e-01	8.702211801805720e-07	9.226476439004277e-07	3.363311816802529e-01
1.744913254959444e-01	0.000000000000000e+00	0.000000000000000e+00	3.447309620668605e-01
1.788491992030793e-01	0.000000000000000e+00	0.000000000000000e+00	3.533405246990238e-01
1.833159096285632e-01	1.291638427303329e-06	1.291749703732178e-06	3.621651088316426e-01
1.878941749400294e-01	0.000000000000000e+00	0.000000000000000e+00	3.712100845685927e-01
1.925867811906135e-01	6.459124131070572e-07	1.011353483302520e-06	3.804809561306430e-01
1.973965840143753e-01	9.145062344291766e-07	1.188647045754412e-06	3.899833652049888e-01
2.023265103640636e-01	0.000000000000000e+00	0.000000000000000e+00	3.997230943784389e-01
2.073795602922814e-01	1.849765945500108e-06	1.849950370678909e-06	4.097060706563451e-01
2.125588087771349e-01	0.000000000000000e+00	0.000000000000000e+00	4.199383690694164e-01
2.178674075934774e-01	0.000000000000000e+00	0.000000000000000e+00	4.304262163706123e-01
2.233085872308877e-01	0.000000000000000e+00	0.000000000000000e+00	4.411759948243651e-01
2.294621864006451e-01	0.000000000000000e+00	0.000000000000000e+00	4.533332533925775e-01
