98
       2.091424706226091e-02       6.947968057261692e-03       9.274569299165999e-04
       2.143657473166284e-02       6.664595678293564e-03       8.516197606632645e-04
       2.197194739347644e-02       5.447709553439200e-03       6.946285393727423e-04
       2.252069084286246e-02       3.551619675601864e-03       5.175216664553466e-04
       2.308313901162777e-02       2.764090242850688e-03       4.040945178578347e-04
       2.365963417143588e-02       2.412294101207278e-03       3.426069948476968e-04
       2.425052714209263e-02       1.777375954792535e-03       2.719206042157455e-04
       2.485617750503370e-02       1.095814012421986e-03       1.936341458945491e-04
       2.547695382214400e-02       1.081025132391287e-03       1.804341085685134e-04
       2.611323386004188e-02       8.905673122302821e-04       1.496481600150960e-04
       2.676540481996497e-02       5.835714063734962e-04       1.121988273992159e-04
       2.743386357339716e-02       5.999043409072771e-04       1.060982064899324e-04
       2.811901690358040e-02       5.702317809017200e-04       9.810228741649972e-05
       2.882128175305823e-02       2.489739979139706e-04       6.092226724438432e-05
       2.954108547740153e-02       2.979350073548236e-04       6.289757675163758e-05
       3.027886610527112e-02       1.866787702642414e-04       4.775704845876642e-05
       3.103507260497524e-02       3.256782510567224e-04       5.917935992314424e-05
       3.181016515768434e-02       3.750278722875860e-04       6.043766209145845e-05
       3.260461543746924e-02       2.498150243499084e-04       4.673635915597121e-05
       3.341890689833327e-02       2.615395212398261e-04       4.545718329888002e-05
       3.425353506841283e-02       2.928120479510054e-04       4.608680543562631e-05
       3.510900785152566e-02       3.302846747047234e-04       4.658527145971410e-05
       3.598584583625009e-02       3.084308968654412e-04       4.275304554803244e-05
       3.688458261272354e-02       3.533740250447023e-04       4.387712500099941e-05
       3.780576509735296e-02       3.376627318346409e-04       4.118158430297081e-05
       3.874995386563476e-02       3.402506912978075e-04       3.969316088078097e-05
       3.971772349328692e-02       3.123091237183759e-04       3.670845046923667e-05
       4.070966290590072e-02       3.017243247332163e-04       3.395502530415091e-05
       4.172637573732497e-02       2.789385107104473e-04       3.197776578780973e-05
       4.276848069700073e-02       3.230510190376866e-04       3.317968574987910e-05
       4.383661194647021e-02       2.929707199062755e-04       3.025795052112620e-05
       4.493141948528875e-02       2.625218361110062e-04       2.767214193674138e-05
       4.605356954657498e-02       1.822602825905598e-04       2.195820279476202e-05
       4.720374500243966e-02       1.637223910251326e-04       1.982741266766138e-05
       4.838264577953999e-02       1.452426442820295e-04       1.792173956068910e-05
       4.959098928501231e-02       7.393984452437904e-05       1.226543730586204e-05
       5.082951084304235e-02       7.821413445633759e-05       1.207970790121177e-05
       5.209896414233874e-02       3.911779760417693e-05       8.186796144107425e-06
       5.340012169478188e-02       3.661873662300950e-05       7.636807497952791e-06
       5.473377530552774e-02       2.195186656140155e-05       5.632856442415641e-06
       5.610073655485205e-02       1.831284915818744e-05       4.950217870282389e-06
       5.750183729202867e-02       1.616789291897373e-05       4.435935894563639e-06
       5.893793014154232e-02       1.808002654441891e-05       4.526493980900597e-06
       6.040988902194382e-02       2.250061014492198e-05       4.838184250617598e-06
       6.191860967766367e-02       2.186168634218923e-05       4.609924631216419e-06
       6.346501022410753e-02       2.384310841898337e-05       4.621363179315039e-06
       6.505003170636521e-02       2.925797558274769e-05       4.916113232861302e-06
       6.667463867187337e-02       4.259434771491715e-05       5.730130715236544e-06
       6.833981975738031e-02       4.899117353988500e-05       5.940100654447334e-06
       7.004658829056995e-02       3.697192476353868e-05       5.014892852612505e-06
       7.179598290671134e-02       3.541492291753900e-05       4.745406119790668e-06
       7.358906818070876e-02       3.500924020485890e-05       4.614404933490309e-06
       7.542693527493703e-02       3.277236020327350e-05       4.399894354567608e-06
       7.731070260325650e-02       2.839900606090772e-05       4.007122510579779e-06
       7.924151651161145e-02       2.276152758038009e-05       3.527630752666189e-06
       8.122055197562640e-02       1.302858101701879e-05       2.658542774789285e-06
       8.324901331562462e-02       1.004915436392649e-05       2.306869336017995e-06
       8.532813492950403e-02       5.121981417032358e-06       1.642398142716576e-06
       8.745918204391656e-02       3.983782271593846e-06       1.447932730966937e-06
       8.964345148420785e-02       5.862103423502880e-06       1.719233593300649e-06
       9.188227246358618e-02       9.572377053361955e-06       2.156956632608086e-06
       9.417700739200061e-02       1.077515098489727e-05       2.245244907195838e-06
       9.652905270522044e-02       1.332321145318751e-05       2.444195228753340e-06
       9.893983971462109e-02       1.345964958619941e-05       2.411157414420605e-06
       1.014108354781928e-01       1.261413396752509e-05       2.315861076058915e-06
       1.039435436933028e-01       1.083993670090079e-05       2.110674299352068e-06
       1.065395056117536e-01       8.193591970159414e-06       1.817998706202470e-06
       1.092003009776952e-01       7.305280194648796e-06       1.689264879236447e-06
       1.119275489889608e-01       3.694885865034593e-06       1.190753799167084e-06
       1.147229092824121e-01       5.442998832628915e-06       1.434186194900808e-06
       1.175880829438929e-01       2.840868717207861e-06       1.029021420159536e-06
       1.205248135434063e-01       4.363701795968330e-06       1.271597520737718e-06
       1.235348881961452e-01       9.969122897002901e-06       1.935136112638738e-06
       1.266201386500215e-01       1.045659695684025e-05       1.967848059767583e-06
       1.297824424003562e-01       1.154866128031838e-05       2.066756729246814e-06
       1.330237238324090e-01       1.559714894710610e-05       2.424466798930353e-06
       1.363459553924409e-01       1.723611528867245e-05       2.573153605280892e-06
       1.397511587880259e-01       1.784727107404186e-05       2.681098990575530e-06
       1.432414062183380e-01       1.264279694815098e-05       2.332649475304704e-06
       1.468188216351659e-01       8.874011115821832e-06       2.059017366347896e-06
       1.504855820354203e-01       7.757324602490041e-06       1.999582527765246e-06
       1.542439187859214e-01       2.123311577971572e-06       1.109237487527108e-06
       1.580961189812729e-01       1.129288551194094e-06       8.644316403993341e-07
       1.620445268356484e-01       1.935557909391547e-06       1.156719136803479e-06
       1.660915451093368e-01       1.120781853345699e-06       9.194108124416480e-07
       1.702396365709161e-01       0.000000000000000e+00       0.000000000000000e+00
       1.744913254959444e-01       1.884799801777053e-06       1.332980865401066e-06
       1.788491992030793e-01       0.000000000000000e+00       0.000000000000000e+00
       1.833159096285632e-01       0.000000000000000e+00       0.000000000000000e+00
       1.878941749400294e-01       0.000000000000000e+00       0.000000000000000e+00
       1.925867811906135e-01       0.000000000000000e+00       0.000000000000000e+00
       1.973965840143753e-01       1.664679392505560e-06       1.530062643067549e-06
       2.023265103640636e-01       1.118965806131839e-06       1.239069705169698e-06
       2.073795602922814e-01       0.000000000000000e+00       0.000000000000000e+00
       2.125588087771349e-01       0.000000000000000e+00       0.000000000000000e+00
       2.178674075934774e-01       0.000000000000000e+00       0.000000000000000e+00
       2.233085872308877e-01       0.000000000000000e+00       0.000000000000000e+00
       2.294621864006451e-01       1.564022780979748e-06       1.564189460488217e-06
