2.091434318343852e-02	6.793223608489434e-03	1.767022519502189e-03	4.131889821873425e-02
2.143686789729112e-02	4.926727127991293e-03	1.410411346045922e-03	4.235121108072964e-02
2.197244738767637e-02	4.301597126021641e-03	1.198386026654721e-03	4.340931528496748e-02
2.252140781560788e-02	2.367722345073689e-03	7.993419048310035e-04	4.449385520328424e-02
2.308408349091797e-02	1.577493836817944e-03	5.913456402803108e-04	4.560549130652585e-02
2.366081707584800e-02	1.101526528924819e-03	4.454938854277776e-04	4.674490056676597e-02
2.425195979372530e-02	1.339708202259584e-03	4.600467644463459e-04	4.791277686957330e-02
2.485787164285360e-02	5.069295579142379e-04	2.554105093363297e-04	4.910983143657890e-02
2.547892161574743e-02	8.505326976846757e-04	3.116344347102019e-04	5.033679325860103e-02
2.611548792384377e-02	1.394743931210691e-03	3.673639139197154e-04	5.159440953959120e-02
2.676795822782795e-02	1.080510239231408e-03	2.963339170832293e-04	5.288344615167172e-02
2.743672987371402e-02	2.348980956780912e-03	4.121822413937119e-04	5.420468810154197e-02
2.812221013482335e-02	2.032429116325851e-03	3.600043123815555e-04	5.555894000853737e-02
2.882481645980885e-02	1.764354549157386e-03	3.180952277555581e-04	5.694702659463220e-02
2.954497672687582e-02	2.144703022001680e-03	3.280475460956044e-04	5.836979318668467e-02
3.028312950435428e-02	1.497263925835852e-03	2.622240950793622e-04	5.982810623123010e-02
3.103972431778138e-02	2.054779278865995e-03	2.907061149867559e-04	6.132285382213565e-02
3.181522192365675e-02	1.728066084367107e-03	2.516442204134722e-04	6.285494624143813e-02
3.261009459003721e-02	2.083877854700188e-03	2.645338706344445e-04	6.442531651369394e-02
3.342482638414197e-02	2.093489029805449e-03	2.510188012840063e-04	6.603492097417916e-02
3.425991346714331e-02	1.664179705518676e-03	2.135694159990979e-04	6.768473985128529e-02
3.511586439632237e-02	1.276394072252181e-03	1.776077513302968e-04	6.937577786346569e-02
3.599320043477397e-02	1.131017167363498e-03	1.590621542396780e-04	7.110906483109634e-02
3.689245586884912e-02	8.456503950988215e-04	1.310776210128618e-04	7.288565630362309e-02
3.781417833352854e-02	8.099304940555056e-04	1.250037498706053e-04	7.470663420237766e-02
3.875892914592530e-02	5.485676252782098e-04	9.755825623391106e-05	7.657310747945384e-02
3.972728364711974e-02	4.130163220727083e-04	8.199670154963367e-05	7.848621279304505e-02
4.071983155253475e-02	2.191144276804767e-04	5.581875270061461e-05	8.044711519965449e-02
4.173717731106486e-02	3.819205742927289e-04	7.262699234849600e-05	8.245700886359961e-02
4.277994047317790e-02	2.120994871582269e-04	5.206757416981016e-05	8.451711778424276e-02
4.384875606821316e-02	1.441457311768840e-04	4.142560733796364e-05	8.662869654139105e-02
4.494427499110619e-02	1.995791694477522e-04	4.680564461006172e-05	8.879303105931935e-02
4.606716439877533e-02	1.647282605081422e-04	4.053017067994761e-05	9.101143938988152e-02
4.721810811641176e-02	1.580587521626948e-04	3.789818794004551e-05	9.328527251518709e-02
4.839780705392020e-02	1.559961576170657e-04	3.607406701494917e-05	9.561591517033197e-02
4.960697963276403e-02	1.869098100684325e-04	3.791155543167568e-05	9.800478668668423e-02
5.084636222347470e-02	1.885280382753809e-04	3.640832586477038e-05	1.004533418562387e-01
5.211670959409190e-02	1.647119175130117e-04	3.250680351785374e-05	1.029630718175666e-01
5.341879536980761e-02	1.657861722305408e-04	3.154317414941879e-05	1.055355049638995e-01
5.475341250409384e-02	1.902398017935906e-04	3.218780069186240e-05	1.081722078739014e-01
5.612137376160111e-02	1.423379865192334e-04	2.668613569579180e-05	1.108747862656949e-01
5.752351221312164e-02	1.471825118897749e-04	2.614373364506593e-05	1.136448859747227e-01
5.896068174291878e-02	1.019546389176810e-04	2.088473872609296e-05	1.164841939560404e-01
6.043375756873143e-02	7.927496393232576e-05	1.766078572015454e-05	1.193944393116502e-01
6.194363677477051e-02	7.349659177388002e-05	1.640704879805253e-05	1.223773943435019e-01
6.349123885803160e-02	7.939543942916185e-05	1.643097034976277e-05	1.254348756328021e-01
6.507750628825676e-02	4.720992753629955e-05	1.215337374852281e-05	1.285687451462884e-01
6.670340508188656e-02	5.969024147453445e-05	1.314126801753771e-05	1.317809113701433e-01
6.836992539035157e-02	5.043313261290924e-05	1.168770382464004e-05	1.350733304722381e-01
7.007808210306186e-02	4.100769282524627e-05	1.026866105620538e-05	1.384480074934134e-01
7.182891546546161e-02	5.297472982111227e-05	1.129763359686950e-05	1.419069975685235e-01
7.362349171252509e-02	2.008774893207970e-05	6.802113373166400e-06	1.454524071779867e-01
7.546290371808020e-02	1.347394638677601e-05	5.502908124214409e-06	1.490863954306053e-01
7.734827166035443e-02	2.415356332092707e-05	7.190075213607903e-06	1.528111753784346e-01
7.928074370414898e-02	1.338071479296984e-05	5.274089203863575e-06	1.566290153645034e-01
8.126149670005642e-02	4.094186448925100e-05	9.179007820712554e-06	1.605422404042054e-01
8.329173690114745e-02	4.244138431505989e-05	9.234107157715193e-06	1.645532336012039e-01
8.537270069756360e-02	5.067331769013529e-05	1.004506163289127e-05	1.686644375987111e-01
8.750565536946280e-02	3.638648954772742e-05	8.525372208853076e-06	1.728783560670264e-01
8.969189985877674e-02	2.339955015575259e-05	6.692301915376845e-06	1.771975552282395e-01
9.193276556024976e-02	3.144118378978190e-05	7.620561681675581e-06	1.816246654190265e-01
9.422961713224114e-02	2.163321682520901e-05	6.196237620280829e-06	1.861623826924909e-01
9.658385332778441e-02	3.905615662026884e-05	8.145009406290687e-06	1.908134704600255e-01
9.899690784640999e-02	7.388721288175967e-05	1.100923751642357e-05	1.955807611741944e-01
1.014702502072497e-01	7.762987969277328e-05	1.119327282244831e-05	2.004671580536597e-01
1.040053866439551e-01	1.219653388698546e-04	1.378910669908029e-05	2.054756368512048e-01
1.066038610219741e-01	1.288338354806085e-04	1.403870243172387e-05	2.106092476659291e-01
1.092672557787456e-01	1.226957456628082e-04	1.348449748130397e-05	2.158711168007197e-01
1.119971928873831e-01	1.249429305056574e-04	1.348576883876519e-05	2.212644486661286e-01
1.147953348444356e-01	1.042526145115857e-04	1.221167998845774e-05	2.267925277318186e-01
1.176633856823267e-01	6.793125389579111e-05	9.780426395467081e-06	2.324587205267622e-01
1.206030920070881e-01	2.981159554599342e-05	6.459372460670794e-06	2.382664776894148e-01
1.236162440620207e-01	1.528605240208426e-05	4.660354707866802e-06	2.442193360691088e-01
1.267046768179291e-01	9.810429210377218e-06	3.706984373093406e-06	2.503209208799498e-01
1.298702710905956e-01	4.165700285911755e-06	2.420178624439761e-06	2.565749479085247e-01
1.331149546861727e-01	8.525354646199390e-06	3.482546031132286e-06	2.629852257767683e-01
1.364407035751923e-01	3.781590215512237e-06	2.328224815283558e-06	2.695556582613650e-01
1.398495430959061e-01	2.995018266988071e-06	2.118052393754029e-06	2.762902466710984e-01
1.433435491876905e-01	0.000000000000000e+00	0.000000000000000e+00	2.831930922835966e-01
1.469248496552676e-01	3.673415430808709e-06	2.597828211880431e-06	2.902683988429581e-01
1.505956254645097e-01	4.824397049942917e-06	3.106025397140819e-06	2.975204751197773e-01
1.543581120706208e-01	3.460292254234848e-06	2.750994727886499e-06	3.049537375351306e-01
1.582146007794987e-01	0.000000000000000e+00	0.000000000000000e+00	3.125727128501195e-01
1.621674401431119e-01	1.683789258912973e-06	2.184234347722116e-06	3.203820409226106e-01
1.662190373897369e-01	1.121196260022503e-06	1.760506505598619e-06	3.283864775328488e-01
1.703718598899292e-01	0.000000000000000e+00	0.000000000000000e+00	3.365908972796661e-01
1.746284366591206e-01	0.000000000000000e+00	0.000000000000000e+00	3.450002965490498e-01
1.789913598977567e-01	0.000000000000000e+00	0.000000000000000e+00	3.536197965568773e-01
1.834632865699137e-01	0.000000000000000e+00	0.000000000000000e+00	3.624546464676703e-01
1.880469400213553e-01	0.000000000000000e+00	0.000000000000000e+00	3.715102265912690e-01
1.927451116380152e-01	0.000000000000000e+00	0.000000000000000e+00	3.807920516593705e-01
1.975606625459154e-01	0.000000000000000e+00	0.000000000000000e+00	3.903057741839306e-01
2.024965253535545e-01	5.447779495435695e-06	5.448307173851452e-06	4.000571878994698e-01
2.075557059378293e-01	0.000000000000000e+00	0.000000000000000e+00	4.100522312913837e-01
2.127412852745746e-01	0.000000000000000e+00	0.000000000000000e+00	4.202969912124038e-01
2.180564213148380e-01	0.000000000000000e+00	0.000000000000000e+00	4.307977065894126e-01
2.235043509080315e-01	5.804557170363888e-06	6.454503930248913e-06	4.415607722228695e-01
2.295617827229559e-01	1.145805642611590e-06	2.621498416105172e-06	4.535279856530277e-01
