=================================================== 
MCMC CONVERGENCE diagnostics for chain number  1 
Based on sample size =       2501 
=================================================== 
Autocorrelation for each parameter 
Variable           Lag 1        Lag 5       Lag 10       Lag 25 
variable 1         0.983        0.920        0.842        0.672 
variable 2         0.982        0.914        0.843        0.688 
variable 3         0.985        0.930        0.868        0.709 
variable 4         0.990        0.948        0.900        0.784 
variable 5         0.991        0.958        0.920        0.828 
variable 6         0.988        0.941        0.880        0.772 
variable 7         0.985        0.923        0.857        0.685 
variable 8         0.989        0.950        0.910        0.803 
variable 9         0.972        0.882        0.787        0.548 
variable 10        0.988        0.943        0.886        0.751 
variable 11        0.983        0.932        0.873        0.697 
variable 12        0.988        0.942        0.896        0.753 
variable 13        0.980        0.912        0.843        0.712 
variable 14        0.977        0.895        0.798        0.566 
variable 15        0.983        0.929        0.869        0.726 
variable 16        0.975        0.884        0.771        0.544 

Raftery-Lewis Diagnostics for each parameter 
(q=0.025000, r=0.010000, s=0.950000)
Variable          Thin       Burn   Total(N)     (Nmin)     I-stat 
variable 1           1        580     220803        937    235.649 
variable 2           1        580     220803        937    235.649 
variable 3           1        580     220803        937    235.649 
variable 4           1        580     220803        937    235.649 
variable 5           1        580     220803        937    235.649 
variable 6           1        580     220803        937    235.649 
variable 7           1        580     220803        937    235.649 
variable 8           1        580     220803        937    235.649 
variable 9           1        580     220803        937    235.649 
variable 10          1        580     220803        937    235.649 
variable 11          1        580     220803        937    235.649 
variable 12          1        580     220803        937    235.649 
variable 13          1        580     220803        937    235.649 
variable 14          1        580     220803        937    235.649 
variable 15          1        580     220803        937    235.649 
variable 16          1        580     220803        937    235.649 

Geweke Diagnostics for each parameter 
Variable            Mean      std dev      NSE iid      RNE iid 
variable 1      4.697999     1.542709     0.030854     1.000000 
variable 2     19.691273     2.125317     0.042506     1.000000 
variable 3     23.009800     1.475792     0.029516     1.000000 
variable 4     10.564339     5.014383     0.100288     1.000000 
variable 5      4.687846     2.500536     0.050011     1.000000 
variable 6     17.999089     1.510430     0.030209     1.000000 
variable 7      9.611505     1.095430     0.021909     1.000000 
variable 8     29.826092     2.659739     0.053195     1.000000 
variable 9      9.785325     0.768003     0.015360     1.000000 
variable 10     5.411556     1.906050     0.038121     1.000000 
variable 11    17.924977     0.758703     0.015174     1.000000 
variable 12    18.858735     2.943574     0.058871     1.000000 
variable 13    29.748765     1.980957     0.039619     1.000000 
variable 14    18.610426     5.689985     0.113800     1.000000 
variable 15     0.000002     0.000001     0.000000     1.000000 
variable 16     0.000003     0.000001     0.000000     1.000000 

Variable          NSE 4%       RNE 4%       NSE 8%       RNE 8%      NSE 15%      RNE 15% 
variable 1      0.390434     0.006245     0.437915     0.004964     0.369853     0.006959 
variable 2      0.355166     0.014323     0.349955     0.014753     0.262185     0.026284 
variable 3      0.323723     0.008313     0.280880     0.011043     0.231662     0.016233 
variable 4      1.226936     0.006681     1.057250     0.008998     0.990406     0.010253 
variable 5      0.667399     0.005615     0.556727     0.008069     0.540879     0.008549 
variable 6      0.288272     0.010981     0.203943     0.021940     0.150586     0.040243 
variable 7      0.243830     0.008073     0.222192     0.009722     0.140577     0.024288 
variable 8      0.682596     0.006073     0.757750     0.004928     0.700534     0.005766 
variable 9      0.125741     0.014922     0.120843     0.016156     0.096709     0.025226 
variable 10     0.362820     0.011039     0.305151     0.015606     0.223711     0.029037 
variable 11     0.163381     0.008626     0.177282     0.007326     0.156050     0.009455 
variable 12     0.544860     0.011675     0.421352     0.019522     0.294075     0.040077 
variable 13     0.524123     0.005714     0.582047     0.004633     0.594947     0.004435 
variable 14     1.118856     0.010345     1.096643     0.010768     0.814273     0.019532 
variable 15     0.000000     0.009283     0.000000     0.008716     0.000000     0.016693 
variable 16     0.000000     0.010936     0.000000     0.014572     0.000000     0.027088 

=================================================== 
MCMC CONVERGENCE diagnostics for chain number  2 
Based on sample size =       2501 
=================================================== 
Autocorrelation for each parameter 
Variable           Lag 1        Lag 5       Lag 10       Lag 25 
variable 1         0.974        0.892        0.798        0.611 
variable 2         0.976        0.892        0.806        0.608 
variable 3         0.980        0.916        0.857        0.723 
variable 4         0.985        0.928        0.862        0.701 
variable 5         0.988        0.941        0.887        0.782 
variable 6         0.989        0.947        0.900        0.764 
variable 7         0.981        0.913        0.836        0.601 
variable 8         0.981        0.919        0.847        0.676 
variable 9         0.979        0.902        0.822        0.641 
variable 10        0.990        0.952        0.908        0.799 
variable 11        0.989        0.948        0.898        0.777 
variable 12        0.990        0.950        0.902        0.781 
variable 13        0.978        0.902        0.829        0.642 
variable 14        0.984        0.919        0.840        0.665 
variable 15        0.983        0.928        0.869        0.717 
variable 16        0.984        0.930        0.869        0.721 

Raftery-Lewis Diagnostics for each parameter 
(q=0.025000, r=0.010000, s=0.950000)
Variable          Thin       Burn   Total(N)     (Nmin)     I-stat 
variable 1           1        426     233253        937    248.936 
variable 2           1        426     233253        937    248.936 
variable 3           1        426     233253        937    248.936 
variable 4           1        426     233253        937    248.936 
variable 5           1        426     233253        937    248.936 
variable 6           1        426     233253        937    248.936 
variable 7           1        426     233253        937    248.936 
variable 8           1        426     233253        937    248.936 
variable 9           1        426     233253        937    248.936 
variable 10          1        426     233253        937    248.936 
variable 11          1        426     233253        937    248.936 
variable 12          1        426     233253        937    248.936 
variable 13          1        426     233253        937    248.936 
variable 14          1        426     233253        937    248.936 
variable 15          1        426     233253        937    248.936 
variable 16          1        426     233253        937    248.936 

Geweke Diagnostics for each parameter 
Variable            Mean      std dev      NSE iid      RNE iid 
variable 1      5.089387     1.274206     0.025484     1.000000 
variable 2     19.414389     1.917862     0.038357     1.000000 
variable 3     22.743993     1.438693     0.028774     1.000000 
variable 4     10.243042     4.554312     0.091086     1.000000 
variable 5      4.966549     2.420451     0.048409     1.000000 
variable 6     17.694572     1.731338     0.034627     1.000000 
variable 7      9.545996     1.207145     0.024143     1.000000 
variable 8     30.409768     2.042613     0.040852     1.000000 
variable 9     11.151180     0.927579     0.018552     1.000000 
variable 10     5.332249     2.315273     0.046305     1.000000 
variable 11    17.065883     0.892265     0.017845     1.000000 
variable 12    17.866211     3.584779     0.071696     1.000000 
variable 13    30.701230     1.931309     0.038626     1.000000 
variable 14    22.330298     6.820646     0.136413     1.000000 
variable 15     0.000002     0.000001     0.000000     1.000000 
variable 16     0.000003     0.000001     0.000000     1.000000 

Variable          NSE 4%       RNE 4%       NSE 8%       RNE 8%      NSE 15%      RNE 15% 
variable 1      0.234486     0.011811     0.241416     0.011143     0.219905     0.013430 
variable 2      0.386889     0.009829     0.311180     0.015194     0.214243     0.032054 
variable 3      0.396384     0.005269     0.381579     0.005686     0.278615     0.010666 
variable 4      1.225502     0.005524     1.151185     0.006261     0.735235     0.015348 
variable 5      0.692622     0.004885     0.634397     0.005823     0.442161     0.011986 
variable 6      0.422775     0.006708     0.335281     0.010666     0.247976     0.019499 
variable 7      0.204687     0.013912     0.156911     0.023674     0.146488     0.027163 
variable 8      0.268468     0.023155     0.180438     0.051260     0.132970     0.094390 
variable 9      0.223695     0.006878     0.215824     0.007389     0.170725     0.011808 
variable 10     0.619904     0.005580     0.601584     0.005925     0.462372     0.010030 
variable 11     0.268434     0.004419     0.302215     0.003487     0.236608     0.005688 
variable 12     1.066124     0.004522     1.169697     0.003757     0.919974     0.006073 
variable 13     0.389820     0.009818     0.221363     0.030448     0.175892     0.048225 
variable 14     1.489152     0.008391     1.451009     0.008838     1.163598     0.013744 
variable 15     0.000000     0.009268     0.000000     0.028432     0.000000     0.038396 
variable 16     0.000000     0.008298     0.000000     0.007341     0.000000     0.008647 

=================================================== 
MCMC CONVERGENCE diagnostics for chain number  3 
Based on sample size =       2501 
=================================================== 
Autocorrelation for each parameter 
Variable           Lag 1        Lag 5       Lag 10       Lag 25 
variable 1         0.984        0.928        0.871        0.769 
variable 2         0.988        0.944        0.896        0.767 
variable 3         0.986        0.931        0.879        0.761 
variable 4         0.990        0.948        0.896        0.779 
variable 5         0.988        0.936        0.872        0.764 
variable 6         0.988        0.940        0.890        0.760 
variable 7         0.989        0.944        0.898        0.779 
variable 8         0.982        0.912        0.830        0.626 
variable 9         0.986        0.932        0.866        0.688 
variable 10        0.985        0.929        0.877        0.751 
variable 11        0.987        0.939        0.884        0.744 
variable 12        0.986        0.935        0.886        0.773 
variable 13        0.987        0.940        0.892        0.766 
variable 14        0.985        0.930        0.871        0.720 
variable 15        0.978        0.894        0.818        0.683 
variable 16        0.975        0.902        0.844        0.698 

Raftery-Lewis Diagnostics for each parameter 
(q=0.025000, r=0.010000, s=0.950000)
Variable          Thin       Burn   Total(N)     (Nmin)     I-stat 
variable 1           1        236     109961        937    117.354 
variable 2           1        236     109961        937    117.354 
variable 3           1        236     109961        937    117.354 
variable 4           1        236     109961        937    117.354 
variable 5           1        236     109961        937    117.354 
variable 6           1        236     109961        937    117.354 
variable 7           1        236     109961        937    117.354 
variable 8           1        236     109961        937    117.354 
variable 9           1        236     109961        937    117.354 
variable 10          1        236     109961        937    117.354 
variable 11          1        236     109961        937    117.354 
variable 12          1        236     109961        937    117.354 
variable 13          1        236     109961        937    117.354 
variable 14          1        236     109961        937    117.354 
variable 15          1        236     109961        937    117.354 
variable 16          1        236     109961        937    117.354 

Geweke Diagnostics for each parameter 
Variable            Mean      std dev      NSE iid      RNE iid 
variable 1      4.927455     1.606563     0.032131     1.000000 
variable 2     17.999450     2.216684     0.044334     1.000000 
variable 3     22.370630     1.465987     0.029320     1.000000 
variable 4      8.658026     5.064127     0.101283     1.000000 
variable 5      5.246673     2.668016     0.053360     1.000000 
variable 6     18.205529     1.544980     0.030900     1.000000 
variable 7      9.650404     1.444369     0.028887     1.000000 
variable 8     29.850331     2.166819     0.043336     1.000000 
variable 9     10.204288     1.147360     0.022947     1.000000 
variable 10     5.896148     1.834805     0.036696     1.000000 
variable 11    17.330010     0.844230     0.016885     1.000000 
variable 12    16.928082     2.846943     0.056939     1.000000 
variable 13    30.252475     2.146881     0.042938     1.000000 
variable 14    24.961388     7.324508     0.146490     1.000000 
variable 15     0.000002     0.000001     0.000000     1.000000 
variable 16     0.000003     0.000001     0.000000     1.000000 

Variable          NSE 4%       RNE 4%       NSE 8%       RNE 8%      NSE 15%      RNE 15% 
variable 1      0.395456     0.006602     0.250752     0.016420     0.204819     0.024610 
variable 2      0.540779     0.006721     0.416696     0.011320     0.397527     0.012438 
variable 3      0.390835     0.005628     0.400374     0.005363     0.323210     0.008229 
variable 4      1.181084     0.007354     1.124916     0.008106     0.965337     0.011008 
variable 5      0.663585     0.006466     0.455677     0.013713     0.293908     0.032962 
variable 6      0.373717     0.006836     0.299332     0.010656     0.147436     0.043924 
variable 7      0.375654     0.005913     0.368188     0.006156     0.233343     0.015326 
variable 8      0.405235     0.011436     0.270611     0.025646     0.216044     0.040237 
variable 9      0.271690     0.007134     0.296879     0.005974     0.272113     0.007112 
variable 10     0.430039     0.007282     0.353677     0.010765     0.222439     0.027215 
variable 11     0.194930     0.007503     0.170551     0.009801     0.129552     0.016986 
variable 12     0.655286     0.007550     0.637487     0.007978     0.454847     0.015671 
variable 13     0.404111     0.011290     0.357316     0.014440     0.347329     0.015283 
variable 14     1.687026     0.007540     1.570173     0.008704     1.033410     0.020094 
variable 15     0.000000     0.009931     0.000000     0.010331     0.000000     0.024694 
variable 16     0.000000     0.007300     0.000000     0.010179     0.000000     0.017450 

=================================================== 
MCMC CONVERGENCE diagnostics for chain number  4 
Based on sample size =       2501 
=================================================== 
Autocorrelation for each parameter 
Variable           Lag 1        Lag 5       Lag 10       Lag 25 
variable 1         0.978        0.895        0.801        0.574 
variable 2         0.984        0.924        0.862        0.708 
variable 3         0.983        0.915        0.832        0.649 
variable 4         0.980        0.911        0.836        0.670 
variable 5         0.988        0.940        0.887        0.750 
variable 6         0.990        0.948        0.901        0.765 
variable 7         0.986        0.931        0.863        0.720 
variable 8         0.982        0.918        0.850        0.653 
variable 9         0.975        0.884        0.783        0.540 
variable 10        0.983        0.915        0.840        0.697 
variable 11        0.986        0.929        0.861        0.717 
variable 12        0.987        0.929        0.855        0.701 
variable 13        0.973        0.878        0.764        0.443 
variable 14        0.982        0.913        0.834        0.611 
variable 15        0.979        0.903        0.828        0.659 
variable 16        0.977        0.897        0.799        0.552 

Raftery-Lewis Diagnostics for each parameter 
(q=0.025000, r=0.010000, s=0.950000)
Variable          Thin       Burn   Total(N)     (Nmin)     I-stat 
variable 1           1        124      40712        937     43.449 
variable 2           1        124      40712        937     43.449 
variable 3           1        124      40712        937     43.449 
variable 4           1        124      40712        937     43.449 
variable 5           1        124      40712        937     43.449 
variable 6           1        124      40712        937     43.449 
variable 7           1        124      40712        937     43.449 
variable 8           1        124      40712        937     43.449 
variable 9           1        124      40712        937     43.449 
variable 10          1        124      40712        937     43.449 
variable 11          1        124      40712        937     43.449 
variable 12          1        124      40712        937     43.449 
variable 13          1        124      40712        937     43.449 
variable 14          1        124      40712        937     43.449 
variable 15          1        124      40712        937     43.449 
variable 16          1        124      40712        937     43.449 

Geweke Diagnostics for each parameter 
Variable            Mean      std dev      NSE iid      RNE iid 
variable 1      4.324319     1.305014     0.026100     1.000000 
variable 2     18.273674     2.189248     0.043785     1.000000 
variable 3     22.679028     1.410704     0.028214     1.000000 
variable 4     10.028037     4.232874     0.084657     1.000000 
variable 5      4.932556     2.554033     0.051081     1.000000 
variable 6     18.218851     1.740560     0.034811     1.000000 
variable 7      9.858476     1.207244     0.024145     1.000000 
variable 8     30.763968     2.188180     0.043764     1.000000 
variable 9      9.755941     1.045159     0.020903     1.000000 
variable 10     6.807929     1.423512     0.028470     1.000000 
variable 11    17.682606     0.988039     0.019761     1.000000 
variable 12    16.591557     3.135682     0.062714     1.000000 
variable 13    29.829361     1.853248     0.037065     1.000000 
variable 14    19.807684     7.258208     0.145164     1.000000 
variable 15     0.000002     0.000001     0.000000     1.000000 
variable 16     0.000002     0.000001     0.000000     1.000000 

Variable          NSE 4%       RNE 4%       NSE 8%       RNE 8%      NSE 15%      RNE 15% 
variable 1      0.278779     0.008765     0.279500     0.008720     0.225394     0.013409 
variable 2      0.442125     0.009808     0.383992     0.013002     0.290495     0.022718 
variable 3      0.283142     0.009929     0.256943     0.012058     0.231855     0.014808 
variable 4      0.971639     0.007591     0.775360     0.011921     0.633912     0.017835 
variable 5      0.648525     0.006204     0.445768     0.013131     0.428752     0.014194 
variable 6      0.428347     0.006605     0.387766     0.008059     0.364974     0.009097 
variable 7      0.313499     0.005932     0.280210     0.007425     0.162897     0.021970 
variable 8      0.438643     0.009954     0.439433     0.009918     0.301683     0.021044 
variable 9      0.197509     0.011201     0.188235     0.012332     0.116006     0.032469 
variable 10     0.358968     0.006290     0.384838     0.005473     0.330648     0.007414 
variable 11     0.171317     0.013305     0.119759     0.027226     0.098022     0.040641 
variable 12     0.555572     0.012742     0.560482     0.012520     0.479083     0.017136 
variable 13     0.237079     0.024442     0.218931     0.028663     0.199424     0.034544 
variable 14     0.919003     0.024951     0.676747     0.046012     0.628021     0.053428 
variable 15     0.000000     0.006945     0.000000     0.006241     0.000000     0.008407 
variable 16     0.000000     0.013257     0.000000     0.015476     0.000000     0.025946 

=================================================== 
MCMC CONVERGENCE diagnostics for chain number  5 
Based on sample size =       2501 
=================================================== 
Autocorrelation for each parameter 
Variable           Lag 1        Lag 5       Lag 10       Lag 25 
variable 1         0.980        0.907        0.839        0.660 
variable 2         0.989        0.948        0.901        0.765 
variable 3         0.983        0.920        0.856        0.685 
variable 4         0.985        0.933        0.879        0.740 
variable 5         0.984        0.924        0.863        0.712 
variable 6         0.988        0.939        0.884        0.720 
variable 7         0.984        0.926        0.863        0.711 
variable 8         0.988        0.944        0.901        0.790 
variable 9         0.987        0.945        0.899        0.791 
variable 10        0.990        0.953        0.906        0.797 
variable 11        0.986        0.934        0.870        0.716 
variable 12        0.985        0.928        0.858        0.678 
variable 13        0.983        0.918        0.843        0.675 
variable 14        0.974        0.884        0.807        0.581 
variable 15        0.986        0.938        0.880        0.730 
variable 16        0.984        0.929        0.882        0.770 

Raftery-Lewis Diagnostics for each parameter 
(q=0.025000, r=0.010000, s=0.950000)
Variable          Thin       Burn   Total(N)     (Nmin)     I-stat 
variable 1           1        170      57505        937     61.371 
variable 2           1        170      57505        937     61.371 
variable 3           1        170      57505        937     61.371 
variable 4           1        170      57505        937     61.371 
variable 5           1        170      57505        937     61.371 
variable 6           1        170      57505        937     61.371 
variable 7           1        170      57505        937     61.371 
variable 8           1        170      57505        937     61.371 
variable 9           1        170      57505        937     61.371 
variable 10          1        170      57505        937     61.371 
variable 11          1        170      57505        937     61.371 
variable 12          1        170      57505        937     61.371 
variable 13          1        170      57505        937     61.371 
variable 14          1        170      57505        937     61.371 
variable 15          1        170      57505        937     61.371 
variable 16          1        170      57505        937     61.371 

Geweke Diagnostics for each parameter 
Variable            Mean      std dev      NSE iid      RNE iid 
variable 1      4.729047     1.572916     0.031458     1.000000 
variable 2     19.316413     2.775302     0.055506     1.000000 
variable 3     22.599291     1.356762     0.027135     1.000000 
variable 4      9.516313     4.856990     0.097140     1.000000 
variable 5      5.371278     2.269267     0.045385     1.000000 
variable 6     18.242429     1.545492     0.030910     1.000000 
variable 7      9.446594     1.203628     0.024073     1.000000 
variable 8     30.553450     2.315948     0.046319     1.000000 
variable 9     10.411939     1.177311     0.023546     1.000000 
variable 10     6.241183     1.810225     0.036205     1.000000 
variable 11    17.236453     0.811901     0.016238     1.000000 
variable 12    16.713149     2.964357     0.059287     1.000000 
variable 13    30.238902     2.322967     0.046459     1.000000 
variable 14    20.650374     5.403245     0.108065     1.000000 
variable 15     0.000002     0.000001     0.000000     1.000000 
variable 16     0.000003     0.000001     0.000000     1.000000 

Variable          NSE 4%       RNE 4%       NSE 8%       RNE 8%      NSE 15%      RNE 15% 
variable 1      0.288165     0.011918     0.240405     0.017123     0.148677     0.044770 
variable 2      0.436097     0.016200     0.335606     0.027354     0.238860     0.054000 
variable 3      0.325197     0.006963     0.280850     0.009335     0.266058     0.010402 
variable 4      1.227200     0.006266     1.048268     0.008587     0.738171     0.017317 
variable 5      0.604681     0.005633     0.513330     0.007817     0.335750     0.018273 
variable 6      0.411019     0.005655     0.410548     0.005668     0.283946     0.011850 
variable 7      0.299855     0.006445     0.289261     0.006926     0.184353     0.017051 
variable 8      0.469428     0.009736     0.530491     0.007624     0.517175     0.008021 
variable 9      0.324707     0.005258     0.365563     0.004149     0.344273     0.004678 
variable 10     0.371538     0.009496     0.392919     0.008490     0.312525     0.013420 
variable 11     0.183566     0.007825     0.155988     0.010836     0.100331     0.026194 
variable 12     0.533939     0.012329     0.509956     0.013516     0.342109     0.030032 
variable 13     0.632554     0.005394     0.708124     0.004305     0.646509     0.005164 
variable 14     0.615727     0.030803     0.498058     0.047077     0.342568     0.099512 
variable 15     0.000000     0.009131     0.000000     0.009877     0.000000     0.015793 
variable 16     0.000000     0.006147     0.000000     0.009403     0.000000     0.024050 

=================================================== 
MCMC CONVERGENCE diagnostics for chain number  6 
Based on sample size =       2501 
=================================================== 
Autocorrelation for each parameter 
Variable           Lag 1        Lag 5       Lag 10       Lag 25 
variable 1         0.983        0.927        0.872        0.737 
variable 2         0.981        0.910        0.829        0.656 
variable 3         0.990        0.952        0.904        0.790 
variable 4         0.986        0.937        0.881        0.742 
variable 5         0.984        0.923        0.850        0.700 
variable 6         0.985        0.931        0.867        0.689 
variable 7         0.986        0.933        0.876        0.727 
variable 8         0.977        0.894        0.793        0.582 
variable 9         0.985        0.929        0.863        0.743 
variable 10        0.981        0.915        0.843        0.697 
variable 11        0.984        0.924        0.856        0.697 
variable 12        0.987        0.941        0.895        0.773 
variable 13        0.985        0.933        0.872        0.706 
variable 14        0.979        0.898        0.824        0.618 
variable 15        0.982        0.923        0.854        0.705 
variable 16        0.978        0.898        0.797        0.542 

Raftery-Lewis Diagnostics for each parameter 
(q=0.025000, r=0.010000, s=0.950000)
Variable          Thin       Burn   Total(N)     (Nmin)     I-stat 
variable 1           1        292     112175        937    119.717 
variable 2           1        292     112175        937    119.717 
variable 3           1        292     112175        937    119.717 
variable 4           1        292     112175        937    119.717 
variable 5           1        292     112175        937    119.717 
variable 6           1        292     112175        937    119.717 
variable 7           1        292     112175        937    119.717 
variable 8           1        292     112175        937    119.717 
variable 9           1        292     112175        937    119.717 
variable 10          1        292     112175        937    119.717 
variable 11          1        292     112175        937    119.717 
variable 12          1        292     112175        937    119.717 
variable 13          1        292     112175        937    119.717 
variable 14          1        292     112175        937    119.717 
variable 15          1        292     112175        937    119.717 
variable 16          1        292     112175        937    119.717 

Geweke Diagnostics for each parameter 
Variable            Mean      std dev      NSE iid      RNE iid 
variable 1      4.078242     1.472680     0.029454     1.000000 
variable 2     18.440166     1.945312     0.038906     1.000000 
variable 3     22.209101     1.689738     0.033795     1.000000 
variable 4      8.660757     4.851954     0.097039     1.000000 
variable 5      5.650468     2.313204     0.046264     1.000000 
variable 6     18.939307     1.443483     0.028870     1.000000 
variable 7     10.015219     1.181645     0.023633     1.000000 
variable 8     30.414663     2.114496     0.042290     1.000000 
variable 9      9.901517     1.221324     0.024426     1.000000 
variable 10     7.443401     1.338783     0.026776     1.000000 
variable 11    17.198114     0.728778     0.014576     1.000000 
variable 12    14.632304     2.513286     0.050266     1.000000 
variable 13    29.836211     2.235448     0.044709     1.000000 
variable 14    23.696015     6.146137     0.122923     1.000000 
variable 15     0.000002     0.000001     0.000000     1.000000 
variable 16     0.000003     0.000001     0.000000     1.000000 

Variable          NSE 4%       RNE 4%       NSE 8%       RNE 8%      NSE 15%      RNE 15% 
variable 1      0.350883     0.007046     0.319892     0.008478     0.320597     0.008440 
variable 2      0.456723     0.007257     0.504239     0.005953     0.433800     0.008044 
variable 3      0.418923     0.006508     0.393127     0.007390     0.263034     0.016507 
variable 4      1.150718     0.007111     1.156440     0.007041     0.796190     0.014855 
variable 5      0.449832     0.010578     0.383945     0.014519     0.348296     0.017644 
variable 6      0.309322     0.008711     0.319314     0.008174     0.295233     0.009562 
variable 7      0.239122     0.009768     0.140392     0.028337     0.137341     0.029610 
variable 8      0.327775     0.016646     0.276058     0.023468     0.223690     0.035742 
variable 9      0.218803     0.012463     0.217109     0.012658     0.194252     0.015812 
variable 10     0.317276     0.007122     0.333683     0.006439     0.330162     0.006577 
variable 11     0.113632     0.016453     0.101417     0.020655     0.087651     0.027653 
variable 12     0.618941     0.006595     0.639229     0.006183     0.594590     0.007147 
variable 13     0.442327     0.010216     0.500405     0.007983     0.447727     0.009972 
variable 14     1.060511     0.013435     0.609909     0.040619     0.507716     0.058617 
variable 15     0.000000     0.007119     0.000000     0.011817     0.000000     0.033754 
variable 16     0.000000     0.020855     0.000000     0.025310     0.000000     0.036381 

=================================================== 
MCMC CONVERGENCE diagnostics for chain number  7 
Based on sample size =       2501 
=================================================== 
Autocorrelation for each parameter 
Variable           Lag 1        Lag 5       Lag 10       Lag 25 
variable 1         0.986        0.940        0.890        0.748 
variable 2         0.980        0.911        0.829        0.645 
variable 3         0.985        0.933        0.875        0.703 
variable 4         0.982        0.918        0.847        0.649 
variable 5         0.986        0.939        0.889        0.791 
variable 6         0.984        0.932        0.867        0.719 
variable 7         0.984        0.927        0.862        0.710 
variable 8         0.972        0.878        0.770        0.547 
variable 9         0.985        0.934        0.877        0.757 
variable 10        0.986        0.938        0.874        0.719 
variable 11        0.992        0.964        0.936        0.859 
variable 12        0.990        0.955        0.909        0.783 
variable 13        0.981        0.911        0.827        0.587 
variable 14        0.981        0.914        0.848        0.712 
variable 15        0.982        0.921        0.852        0.661 
variable 16        0.976        0.897        0.824        0.612 

Raftery-Lewis Diagnostics for each parameter 
(q=0.025000, r=0.010000, s=0.950000)
Variable          Thin       Burn   Total(N)     (Nmin)     I-stat 
variable 1           1        254      84686        937     90.380 
variable 2           1        254      84686        937     90.380 
variable 3           1        254      84686        937     90.380 
variable 4           1        254      84686        937     90.380 
variable 5           1        254      84686        937     90.380 
variable 6           1        254      84686        937     90.380 
variable 7           1        254      84686        937     90.380 
variable 8           1        254      84686        937     90.380 
variable 9           1        254      84686        937     90.380 
variable 10          1        254      84686        937     90.380 
variable 11          1        254      84686        937     90.380 
variable 12          1        254      84686        937     90.380 
variable 13          1        254      84686        937     90.380 
variable 14          1        254      84686        937     90.380 
variable 15          1        254      84686        937     90.380 
variable 16          1        254      84686        937     90.380 

Geweke Diagnostics for each parameter 
Variable            Mean      std dev      NSE iid      RNE iid 
variable 1      5.019622     1.625501     0.032510     1.000000 
variable 2     18.599527     2.308360     0.046167     1.000000 
variable 3     21.515267     1.410569     0.028211     1.000000 
variable 4      7.532073     3.687265     0.073745     1.000000 
variable 5      4.903661     2.270045     0.045401     1.000000 
variable 6     18.371981     1.482592     0.029652     1.000000 
variable 7     10.040383     1.215348     0.024307     1.000000 
variable 8     29.620714     1.959813     0.039196     1.000000 
variable 9     10.751833     1.198340     0.023967     1.000000 
variable 10     6.940688     1.689378     0.033788     1.000000 
variable 11    16.845972     1.028145     0.020563     1.000000 
variable 12    14.893434     3.600044     0.072001     1.000000 
variable 13    29.831353     1.800545     0.036011     1.000000 
variable 14    23.270709     7.228611     0.144572     1.000000 
variable 15     0.000003     0.000001     0.000000     1.000000 
variable 16     0.000003     0.000001     0.000000     1.000000 

Variable          NSE 4%       RNE 4%       NSE 8%       RNE 8%      NSE 15%      RNE 15% 
variable 1      0.295587     0.012097     0.244064     0.017743     0.140597     0.053467 
variable 2      0.496249     0.008655     0.365931     0.015917     0.354176     0.016991 
variable 3      0.312137     0.008169     0.276785     0.010389     0.251508     0.012582 
variable 4      0.834038     0.007818     0.870344     0.007179     0.770836     0.009153 
variable 5      0.691672     0.004309     0.605107     0.005629     0.378480     0.014389 
variable 6      0.365667     0.006576     0.404452     0.005375     0.338131     0.007690 
variable 7      0.266992     0.008288     0.270835     0.008055     0.226184     0.011549 
variable 8      0.321722     0.014843     0.326514     0.014411     0.300994     0.016958 
variable 9      0.196631     0.014856     0.143896     0.027741     0.096544     0.061626 
variable 10     0.397493     0.007225     0.387173     0.007616     0.374177     0.008154 
variable 11     0.290833     0.004999     0.262763     0.006124     0.183995     0.012490 
variable 12     1.007518     0.005107     1.125168     0.004095     1.027379     0.004912 
variable 13     0.368184     0.009566     0.315853     0.012999     0.266775     0.018221 
variable 14     1.799106     0.006457     1.400984     0.010649     1.061260     0.018558 
variable 15     0.000000     0.014420     0.000000     0.026763     0.000000     0.063375 
variable 16     0.000000     0.021612     0.000000     0.062591     0.000000     0.115269 

=================================================== 
MCMC CONVERGENCE diagnostics for chain number  8 
Based on sample size =       2501 
=================================================== 
Autocorrelation for each parameter 
Variable           Lag 1        Lag 5       Lag 10       Lag 25 
variable 1         0.983        0.920        0.851        0.661 
variable 2         0.983        0.917        0.842        0.652 
variable 3         0.988        0.945        0.894        0.788 
variable 4         0.990        0.952        0.909        0.821 
variable 5         0.985        0.927        0.853        0.672 
variable 6         0.984        0.917        0.839        0.667 
variable 7         0.986        0.932        0.867        0.691 
variable 8         0.981        0.910        0.837        0.651 
variable 9         0.988        0.941        0.884        0.720 
variable 10        0.987        0.941        0.888        0.744 
variable 11        0.988        0.938        0.877        0.710 
variable 12        0.967        0.852        0.739        0.492 
variable 13        0.981        0.910        0.821        0.596 
variable 14        0.986        0.930        0.860        0.706 
variable 15        0.978        0.894        0.815        0.606 
variable 16        0.977        0.894        0.811        0.567 

Raftery-Lewis Diagnostics for each parameter 
(q=0.025000, r=0.010000, s=0.950000)
Variable          Thin       Burn   Total(N)     (Nmin)     I-stat 
variable 1           1        112      33669        937     35.933 
variable 2           1        112      33669        937     35.933 
variable 3           1        112      33669        937     35.933 
variable 4           1        112      33669        937     35.933 
variable 5           1        112      33669        937     35.933 
variable 6           1        112      33669        937     35.933 
variable 7           1        112      33669        937     35.933 
variable 8           1        112      33669        937     35.933 
variable 9           1        112      33669        937     35.933 
variable 10          1        112      33669        937     35.933 
variable 11          1        112      33669        937     35.933 
variable 12          1        112      33669        937     35.933 
variable 13          1        112      33669        937     35.933 
variable 14          1        112      33669        937     35.933 
variable 15          1        112      33669        937     35.933 
variable 16          1        112      33669        937     35.933 

Geweke Diagnostics for each parameter 
Variable            Mean      std dev      NSE iid      RNE iid 
variable 1      4.601741     1.313010     0.026260     1.000000 
variable 2     18.503218     2.146993     0.042940     1.000000 
variable 3     21.798073     1.756818     0.035136     1.000000 
variable 4      7.137416     4.765600     0.095312     1.000000 
variable 5      5.974759     2.079906     0.041598     1.000000 
variable 6     18.060038     1.520849     0.030417     1.000000 
variable 7     10.147040     1.256547     0.025131     1.000000 
variable 8     30.092878     2.001135     0.040023     1.000000 
variable 9     10.129948     1.221630     0.024433     1.000000 
variable 10     5.711846     1.865198     0.037304     1.000000 
variable 11    17.395017     0.881449     0.017629     1.000000 
variable 12    17.533409     2.058062     0.041161     1.000000 
variable 13    30.333084     1.782456     0.035649     1.000000 
variable 14    24.616125     7.053953     0.141079     1.000000 
variable 15     0.000002     0.000001     0.000000     1.000000 
variable 16     0.000003     0.000001     0.000000     1.000000 

Variable          NSE 4%       RNE 4%       NSE 8%       RNE 8%      NSE 15%      RNE 15% 
variable 1      0.278310     0.008903     0.242802     0.011697     0.151365     0.030099 
variable 2      0.263641     0.026528     0.205035     0.043860     0.122884     0.122105 
variable 3      0.539675     0.004239     0.471423     0.005555     0.308202     0.012997 
variable 4      1.535186     0.003855     1.441419     0.004372     1.012077     0.008869 
variable 5      0.529831     0.006164     0.587424     0.005015     0.518109     0.006446 
variable 6      0.160519     0.035907     0.158684     0.036742     0.113467     0.071861 
variable 7      0.308848     0.006621     0.312736     0.006457     0.211469     0.014123 
variable 8      0.461223     0.007530     0.448103     0.007977     0.318732     0.015767 
variable 9      0.307181     0.006326     0.281802     0.007517     0.167768     0.021209 
variable 10     0.470829     0.006277     0.499659     0.005574     0.384252     0.009425 
variable 11     0.247956     0.005055     0.241189     0.005342     0.157012     0.012606 
variable 12     0.359394     0.013117     0.348896     0.013918     0.291599     0.019925 
variable 13     0.271383     0.017256     0.235790     0.022858     0.153516     0.053925 
variable 14     1.532798     0.008471     1.500532     0.008840     0.960610     0.021569 
variable 15     0.000000     0.014921     0.000000     0.031606     0.000000     0.056405 
variable 16     0.000000     0.014268     0.000000     0.018060     0.000000     0.027496 

=================================================== 
MCMC CONVERGENCE diagnostics for chain number  9 
Based on sample size =       2501 
=================================================== 
Autocorrelation for each parameter 
Variable           Lag 1        Lag 5       Lag 10       Lag 25 
variable 1         0.986        0.936        0.880        0.727 
variable 2         0.979        0.897        0.808        0.579 
variable 3         0.983        0.925        0.858        0.689 
variable 4         0.986        0.935        0.868        0.681 
variable 5         0.984        0.923        0.851        0.665 
variable 6         0.985        0.931        0.868        0.722 
variable 7         0.988        0.944        0.892        0.766 
variable 8         0.973        0.882        0.791        0.539 
variable 9         0.983        0.924        0.854        0.678 
variable 10        0.980        0.905        0.818        0.566 
variable 11        0.982        0.912        0.833        0.652 
variable 12        0.983        0.923        0.852        0.660 
variable 13        0.984        0.925        0.860        0.688 
variable 14        0.981        0.914        0.839        0.664 
variable 15        0.979        0.894        0.800        0.596 
variable 16        0.968        0.858        0.748        0.521 

Raftery-Lewis Diagnostics for each parameter 
(q=0.025000, r=0.010000, s=0.950000)
Variable          Thin       Burn   Total(N)     (Nmin)     I-stat 
variable 1           1        138      37830        937     40.374 
variable 2           1        138      37830        937     40.374 
variable 3           1        138      37830        937     40.374 
variable 4           1        138      37830        937     40.374 
variable 5           1        138      37830        937     40.374 
variable 6           1        138      37830        937     40.374 
variable 7           1        138      37830        937     40.374 
variable 8           1        138      37830        937     40.374 
variable 9           1        138      37830        937     40.374 
variable 10          1        138      37830        937     40.374 
variable 11          1        138      37830        937     40.374 
variable 12          1        138      37830        937     40.374 
variable 13          1        138      37830        937     40.374 
variable 14          1        138      37830        937     40.374 
variable 15          1        138      37830        937     40.374 
variable 16          1        138      37830        937     40.374 

Geweke Diagnostics for each parameter 
Variable            Mean      std dev      NSE iid      RNE iid 
variable 1      4.758509     1.656263     0.033125     1.000000 
variable 2     18.561287     2.088570     0.041771     1.000000 
variable 3     22.927102     1.491629     0.029833     1.000000 
variable 4      9.486995     4.873041     0.097461     1.000000 
variable 5      5.354423     2.206109     0.044122     1.000000 
variable 6     17.701987     1.418922     0.028378     1.000000 
variable 7      9.310674     1.332443     0.026649     1.000000 
variable 8     30.267255     2.113377     0.042268     1.000000 
variable 9     10.673024     1.167046     0.023341     1.000000 
variable 10     5.109208     1.534862     0.030697     1.000000 
variable 11    17.159676     0.838706     0.016774     1.000000 
variable 12    18.313067     2.560594     0.051212     1.000000 
variable 13    30.090940     2.072764     0.041455     1.000000 
variable 14    23.756718     6.460515     0.129210     1.000000 
variable 15     0.000002     0.000001     0.000000     1.000000 
variable 16     0.000003     0.000001     0.000000     1.000000 

Variable          NSE 4%       RNE 4%       NSE 8%       RNE 8%      NSE 15%      RNE 15% 
variable 1      0.356929     0.008613     0.343565     0.009296     0.322836     0.010528 
variable 2      0.299898     0.019400     0.310649     0.018081     0.290432     0.020686 
variable 3      0.320906     0.008642     0.256313     0.013547     0.169548     0.030959 
variable 4      0.849071     0.013176     0.685042     0.020241     0.491633     0.039299 
variable 5      0.350603     0.015837     0.214765     0.042207     0.191937     0.052844 
variable 6      0.261818     0.011748     0.215456     0.017348     0.162541     0.030483 
variable 7      0.280420     0.009031     0.291862     0.008337     0.219119     0.014791 
variable 8      0.280395     0.022723     0.258616     0.026712     0.162364     0.067770 
variable 9      0.222095     0.011045     0.206899     0.012727     0.206342     0.012796 
variable 10     0.268552     0.013066     0.270026     0.012924     0.276822     0.012297 
variable 11     0.133629     0.015757     0.098337     0.029097     0.071505     0.055030 
variable 12     0.492290     0.010822     0.517149     0.009806     0.519286     0.009726 
variable 13     0.224513     0.034094     0.190357     0.047427     0.149951     0.076429 
variable 14     0.810699     0.025402     0.607360     0.045259     0.514358     0.063105 
variable 15     0.000000     0.010032     0.000000     0.016551     0.000000     0.034361 
variable 16     0.000000     0.012803     0.000000     0.047599     0.000000     0.047236 

=================================================== 
MCMC CONVERGENCE diagnostics for chain number 10 
Based on sample size =       2501 
=================================================== 
Autocorrelation for each parameter 
Variable           Lag 1        Lag 5       Lag 10       Lag 25 
variable 1         0.983        0.918        0.845        0.639 
variable 2         0.988        0.942        0.890        0.782 
variable 3         0.989        0.952        0.917        0.830 
variable 4         0.987        0.938        0.882        0.738 
variable 5         0.982        0.916        0.841        0.597 
variable 6         0.982        0.914        0.830        0.638 
variable 7         0.982        0.911        0.819        0.617 
variable 8         0.983        0.920        0.865        0.724 
variable 9         0.984        0.926        0.874        0.759 
variable 10        0.985        0.933        0.871        0.700 
variable 11        0.979        0.910        0.840        0.672 
variable 12        0.977        0.900        0.820        0.638 
variable 13        0.981        0.918        0.842        0.651 
variable 14        0.988        0.947        0.905        0.781 
variable 15        0.985        0.931        0.860        0.631 
variable 16        0.977        0.890        0.795        0.557 

Raftery-Lewis Diagnostics for each parameter 
(q=0.025000, r=0.010000, s=0.950000)
Variable          Thin       Burn   Total(N)     (Nmin)     I-stat 
variable 1           1        257      86840        937     92.679 
variable 2           1        257      86840        937     92.679 
variable 3           1        257      86840        937     92.679 
variable 4           1        257      86840        937     92.679 
variable 5           1        257      86840        937     92.679 
variable 6           1        257      86840        937     92.679 
variable 7           1        257      86840        937     92.679 
variable 8           1        257      86840        937     92.679 
variable 9           1        257      86840        937     92.679 
variable 10          1        257      86840        937     92.679 
variable 11          1        257      86840        937     92.679 
variable 12          1        257      86840        937     92.679 
variable 13          1        257      86840        937     92.679 
variable 14          1        257      86840        937     92.679 
variable 15          1        257      86840        937     92.679 
variable 16          1        257      86840        937     92.679 

Geweke Diagnostics for each parameter 
Variable            Mean      std dev      NSE iid      RNE iid 
variable 1      4.957695     1.374218     0.027484     1.000000 
variable 2     18.200578     2.342273     0.046845     1.000000 
variable 3     23.057335     1.711638     0.034233     1.000000 
variable 4     11.357280     4.809355     0.096187     1.000000 
variable 5      4.491619     2.178407     0.043568     1.000000 
variable 6     17.286111     1.229126     0.024583     1.000000 
variable 7      9.951529     1.117036     0.022341     1.000000 
variable 8     30.066988     2.300019     0.046000     1.000000 
variable 9     10.370382     1.005159     0.020103     1.000000 
variable 10     5.362313     1.576413     0.031528     1.000000 
variable 11    17.518715     0.735858     0.014717     1.000000 
variable 12    18.200511     2.336024     0.046720     1.000000 
variable 13    30.851145     1.734142     0.034683     1.000000 
variable 14    24.574599     7.887852     0.157757     1.000000 
variable 15     0.000002     0.000001     0.000000     1.000000 
variable 16     0.000003     0.000001     0.000000     1.000000 

Variable          NSE 4%       RNE 4%       NSE 8%       RNE 8%      NSE 15%      RNE 15% 
variable 1      0.228040     0.014526     0.242058     0.012892     0.233377     0.013869 
variable 2      0.633146     0.005474     0.698792     0.004494     0.564023     0.006898 
variable 3      0.420125     0.006639     0.386445     0.007847     0.375913     0.008293 
variable 4      0.921529     0.010895     0.708262     0.018444     0.673109     0.020420 
variable 5      0.213276     0.041731     0.180061     0.058546     0.175096     0.061913 
variable 6      0.203670     0.014568     0.200826     0.014983     0.186253     0.017420 
variable 7      0.183417     0.014836     0.119419     0.034999     0.121938     0.033567 
variable 8      0.651802     0.004981     0.786822     0.003418     0.755842     0.003704 
variable 9      0.279522     0.005172     0.269157     0.005579     0.253060     0.006311 
variable 10     0.333726     0.008925     0.213248     0.021859     0.191981     0.026970 
variable 11     0.200063     0.005411     0.200288     0.005399     0.186911     0.006200 
variable 12     0.499484     0.008749     0.376210     0.015422     0.304295     0.023574 
variable 13     0.352021     0.009707     0.317050     0.011967     0.291122     0.014193 
variable 14     2.340759     0.004542     2.458127     0.004119     1.888555     0.006978 
variable 15     0.000000     0.017522     0.000000     0.025426     0.000000     0.050458 
variable 16     0.000000     0.006128     0.000000     0.004303     0.000000     0.004654 

