2.000000000000000000e+01 4.203414881288136229e+01 1.688899861188712492e+00
4.000000000000000000e+01 5.090550454857558549e+01 2.951481342000899843e+00
6.000000000000000000e+01 4.627369460005727575e+01 1.595946975033996296e+00
8.000000000000000000e+01 4.742506466351417771e+01 1.664286186269517520e+00
1.000000000000000000e+02 4.848709090953010303e+01 1.892866632789434789e+00
1.200000000000000000e+02 4.722113414731634151e+01 2.000471516040320807e+00
1.400000000000000000e+02 4.534731199217395670e+01 1.472596710250828700e+01
1.600000000000000000e+02 4.576194201975169307e+01 3.064699592896432012e+00
1.800000000000000000e+02 5.267245895411135592e+01 2.519474265440652783e+00
2.000000000000000000e+02 4.734292230345446484e+01 1.610721952804826884e+00
2.200000000000000000e+02 5.548921848700403814e+01 2.796504695366014204e+00
2.231500000000000057e+02 4.918932926693084795e+01 5.750213448865302723e+00
2.431500000000000057e+02 5.664162936892400779e+01 3.441186264197359179e+00
2.631499999999999773e+02 4.592122851405234485e+01 4.485917111529392542e+00
2.831499999999999773e+02 1.054408231458553757e+01 9.365911323941658040e-01
2.835833333333333144e+02 1.642463878387283671e+01 2.679996836935758076e+00
3.035833333333333144e+02 1.014039486791969580e+01 1.743459817863159955e-01
3.235833333333333144e+02 1.006539374941139187e+01 1.007306421430271687e-01
3.435833333333333144e+02 1.005286479318105641e+01 8.346769316239655012e-02
3.440166666666666515e+02 1.030241755296145634e+01 5.482230497778948219e-01
3.640166666666666515e+02 3.847467557698528395e+01 6.789168186934527505e+00
3.840166666666666515e+02 7.896716274583015149e+01 1.175815519305596979e+01
4.040166666666666515e+02 9.188785059777443109e+01 6.983998773297301454e+00
4.240166666666666515e+02 9.422384325583691123e+01 5.496693619488304705e+00
4.289333333333333371e+02 9.294314337672417992e+01 8.325252975938290945e+00
4.489333333333333371e+02 9.577883299847515275e+01 4.295920424175853292e+00
4.689333333333333371e+02 9.579024720014713523e+01 4.281653323264478672e+00
4.889333333333333371e+02 9.039511610378627893e+01 7.914556161858570249e+00
4.991166666666666742e+02 8.223808990601310143e+01 1.321005814611644524e+01
5.156000000000000227e+02 9.105257349911407516e+01 7.112175710315433719e+00
5.356000000000000227e+02 9.384409679281448291e+01 6.016315526150237680e+00
5.556000000000000227e+02 8.473010162511326371e+01 1.226279800513228402e+01
5.756000000000000227e+02 1.015493605159109514e+01 2.618446350317755744e-01
5.814333333333332803e+02 1.012592055086513199e+01 2.004648944229989460e-01
