2.000000000000000000e+01 4.611264582659088092e+02 3.785387320934433308e+00
4.000000000000000000e+01 4.387203162247092223e+02 1.253921527529575997e+01
6.000000000000000000e+01 4.604546390473829547e+02 3.988411909954095336e+00
8.000000000000000000e+01 4.614483552133405055e+02 4.017141235356718632e+00
1.000000000000000000e+02 4.588118551061494372e+02 5.559766690339075446e+00
1.200000000000000000e+02 4.495223234431362016e+02 9.252630014478144815e+00
1.400000000000000000e+02 3.933249390084694141e+02 3.616093714047809726e+01
1.600000000000000000e+02 4.317004427312286339e+02 1.713458277167552524e+01
1.800000000000000000e+02 4.372073535712950729e+02 9.741460714251415354e+00
2.000000000000000000e+02 4.551027233233377274e+02 6.707900202060558037e+00
2.200000000000000000e+02 4.575168400006149909e+02 7.696517256763882209e+00
2.231500000000000057e+02 4.421639063265805589e+02 2.666722832671964483e+01
2.431500000000000057e+02 4.864724589442321872e+02 8.970655320865859039e+00
2.631499999999999773e+02 3.788517630665734259e+02 7.781603262721944247e+00
2.831499999999999773e+02 4.898083743930197329e+02 7.604600096740028903e+00
2.835833333333333144e+02 4.062432740128846831e+02 1.908290088742100465e+01
3.035833333333333144e+02 4.478778713337297290e+02 2.082176468833665695e+00
3.235833333333333144e+02 4.992557088085620762e+02 9.046014172301397593e-01
3.435833333333333144e+02 4.983049939500461392e+02 1.437845795061747367e+00
3.440166666666666515e+02 3.635716444968682026e+02 7.601043053561397755e+00
3.640166666666666515e+02 3.429711817052027527e+02 7.707444044947522777e+00
3.840166666666666515e+02 3.862260773162615806e+02 1.478781890627226581e+01
4.040166666666666515e+02 3.089696249330233968e+02 3.827456694224093781e+01
4.240166666666666515e+02 2.793111699549719447e+02 2.432104104298671388e+01
4.289333333333333371e+02 4.199434139559653545e+02 3.977498340979232694e+01
4.489333333333333371e+02 4.362252159831340919e+02 2.874679582957853441e+01
4.689333333333333371e+02 3.701195554639880356e+02 7.694961513762623895e+01
4.889333333333333371e+02 2.539404820115493067e+02 2.127250380675191366e+01
4.991166666666666742e+02 3.273357748832823404e+02 4.427229876150488508e+01
5.156000000000000227e+02 3.116474852156586621e+02 2.771275110710692502e+01
5.356000000000000227e+02 4.525728038013346008e+02 9.469791333990487558e+00
5.556000000000000227e+02 2.288854302358637938e+02 2.252970408288470239e+01
5.756000000000000227e+02 2.544981708748641722e+02 3.760188822849741541e+00
5.814333333333332803e+02 2.686588010396467325e+02 2.627187760390768290e+00
