2.000000000000000000e+01 5.251600156314805190e+02 1.719139609483405096e+01
4.000000000000000000e+01 5.001672808903826990e+02 3.659744400087267024e+01
6.000000000000000000e+01 3.389693117027216545e+02 4.809117421393551695e+01
8.000000000000000000e+01 3.614650453034321913e+02 4.999734206657976188e+01
1.000000000000000000e+02 3.642967255992431888e+02 2.920740734578123465e+01
1.200000000000000000e+02 3.532391336377665425e+02 5.665266941970899239e+01
1.400000000000000000e+02 4.618134852843131171e+02 7.070127872173419803e+01
1.600000000000000000e+02 3.109193025887586828e+02 3.434958975916648427e+01
1.800000000000000000e+02 3.252360131567382382e+02 4.881719305559948907e+01
2.000000000000000000e+02 3.653418803054983641e+02 6.069388303557624909e+01
2.200000000000000000e+02 4.981147240209378992e+02 3.738990290486299273e+01
2.231500000000000057e+02 3.800406881691647527e+02 6.562302005205160071e+01
2.431500000000000057e+02 3.358787221724045935e+02 5.473607338448542237e+01
2.631499999999999773e+02 3.005313024142695326e+02 5.045649627190266528e+01
2.831499999999999773e+02 4.556927760603678053e+02 4.534415584816152744e+01
2.835833333333333144e+02 4.455641827602141802e+02 2.717115814998301104e+01
3.035833333333333144e+02 4.865836978727739393e+02 7.039190968547941019e+00
3.235833333333333144e+02 4.667347633541565983e+02 1.156223283684756176e+01
3.435833333333333144e+02 4.746895817605563934e+02 1.961852786762930378e+01
3.440166666666666515e+02 4.063246413613100572e+02 1.382308931823368425e+01
3.640166666666666515e+02 4.661134383614391368e+02 1.423062406027719007e+01
3.840166666666666515e+02 3.398216917469634382e+02 5.469186488328782048e+01
4.040166666666666515e+02 4.977410935826500236e+02 4.207049379664146471e+01
4.240166666666666515e+02 2.764365666502384897e+02 2.461306736214638136e+01
4.289333333333333371e+02 3.349622947835551940e+02 6.076493700689655242e+01
4.489333333333333371e+02 4.937923412397382776e+02 4.019667411915322219e+01
4.689333333333333371e+02 3.179246924261690310e+02 2.234688430420130700e+01
4.889333333333333371e+02 3.446395649437074553e+02 3.308087218669866303e+01
4.991166666666666742e+02 4.966488536369607800e+02 5.811797070910763807e+01
5.156000000000000227e+02 2.777047212993407470e+02 2.560934215041781670e+01
5.356000000000000227e+02 3.853908485581465584e+02 6.800722474297813847e+01
5.556000000000000227e+02 4.811690404236980498e+02 8.405258179439249488e+01
5.756000000000000227e+02 2.601475496151193738e+02 6.483006885444114964e+00
5.814333333333332803e+02 3.382248658505214394e+02 4.318922725284625841e+00
