2.000000000000000000e+01 1.198624873285391718e-01 1.973338020746004395e-02
4.000000000000000000e+01 1.268416836898380584e-01 2.003693149619206401e-02
6.000000000000000000e+01 9.140540781350049715e-02 1.656633245935247925e-02
8.000000000000000000e+01 1.126486329269496822e-01 2.306260107045338820e-02
1.000000000000000000e+02 1.200009410459540321e-01 2.102013102319787510e-02
1.200000000000000000e+02 1.179067319363587135e-01 2.307010294803397629e-02
1.400000000000000000e+02 2.361179351707164975e-01 1.392165159800674012e-01
1.600000000000000000e+02 1.207528983099587228e-01 2.576698482857452815e-02
1.800000000000000000e+02 9.873938197501731795e-02 2.158378390217539564e-02
2.000000000000000000e+02 7.417711853746017381e-02 1.900152683125857361e-02
2.200000000000000000e+02 1.195982278955940309e-01 2.232888843979571186e-02
2.231500000000000057e+02 1.321157322464443507e-01 5.015217280608245259e-02
2.431500000000000057e+02 1.787892624456718371e-01 1.945061964231242085e-02
2.631499999999999773e+02 1.374435518269107870e-01 9.590196877249949903e-02
2.831499999999999773e+02 4.347401668029892141e-01 4.936133175621022773e-02
2.835833333333333144e+02 7.393852800408152737e-01 1.808700700505035397e-01
3.035833333333333144e+02 6.526203806222817816e-01 7.983979293498690011e-02
3.235833333333333144e+02 1.268348506313422552e-01 4.060725126194598446e-03
3.435833333333333144e+02 1.264692569411353940e-01 4.485969702354404044e-03
3.440166666666666515e+02 7.279253020613850600e-01 1.368197127880911301e-01
3.640166666666666515e+02 7.703886866060362382e-02 1.691392667781594847e-02
3.840166666666666515e+02 2.896173394164354153e-01 7.968601660787272278e-02
4.040166666666666515e+02 7.533980969438808240e-02 3.853492603214758727e-02
4.240166666666666515e+02 9.711894492978084825e-02 3.134978344808111300e-02
4.289333333333333371e+02 2.612431320897831699e-01 8.914842644787852877e-02
4.489333333333333371e+02 7.879034055594007213e-02 4.172818262873592698e-02
4.689333333333333371e+02 1.701014278934862012e-01 4.403795083162766189e-02
4.889333333333333371e+02 1.325115056082009635e-01 4.833353253684735673e-02
4.991166666666666742e+02 1.458059992959083173e-01 9.757886382273893433e-02
5.156000000000000227e+02 9.603819053003712081e-02 3.601372132079404265e-02
5.356000000000000227e+02 3.075803119549308864e-02 1.387269850971029582e-02
5.556000000000000227e+02 3.225824717270329989e-02 1.853316213200746979e-02
5.756000000000000227e+02 1.264355175957045940e-01 1.070919408271604062e-02
5.814333333333332803e+02 6.316308019607712598e-01 7.909308897324152099e-02
