2.000000000000000000e+01 1.097359017629309719e+01 3.428411261228498930e-01
4.000000000000000000e+01 1.102938929708861338e+01 3.571209438669181169e-01
6.000000000000000000e+01 8.076995221568196826e+00 4.430772014939722836e-01
8.000000000000000000e+01 9.960552782987175391e+00 5.075429277804293093e-01
1.000000000000000000e+02 8.088575316026851425e+00 3.725137642064777488e-01
1.200000000000000000e+02 9.074755651146491076e+00 4.048838956788535781e-01
1.400000000000000000e+02 1.088192478662111284e+01 1.172793021368698341e+00
1.600000000000000000e+02 7.120497897259204123e+00 5.342575890299157138e-01
1.800000000000000000e+02 7.928711393550812225e+00 5.797224103604650125e-01
2.000000000000000000e+02 9.196406791153966864e+00 7.677257300882365243e-01
2.200000000000000000e+02 1.100379333794134773e+01 3.632370459051471046e-01
2.231500000000000057e+02 9.624044792318244390e+00 1.809511251622852424e+00
2.431500000000000057e+02 8.271982892241954488e+00 8.350957776412366584e-01
2.631499999999999773e+02 7.911097337337980484e+00 9.799688448249126438e-01
2.831499999999999773e+02 1.171822746476622257e+01 1.831137540059772917e-01
2.835833333333333144e+02 1.096679420208321609e+01 4.316586244892643975e-01
3.035833333333333144e+02 1.090607541414619952e+01 3.369630322891544183e-01
3.235833333333333144e+02 8.149556025920823288e+00 2.312496876414944502e-01
3.435833333333333144e+02 8.210896256262007142e+00 2.550866492704217947e-01
3.440166666666666515e+02 6.954232893568786267e+00 3.711854101589571187e-01
3.640166666666666515e+02 8.019394332952149540e+00 3.791706082267332079e-01
3.840166666666666515e+02 9.609648549919274529e+00 1.084179660847818027e+00
4.040166666666666515e+02 1.122307029811889656e+01 1.581437932560011639e+00
4.240166666666666515e+02 6.265195605361129516e+00 1.785522688467646724e-01
4.289333333333333371e+02 8.817369828043693403e+00 1.373298288078013574e+00
4.489333333333333371e+02 1.107754524714131605e+01 4.456306906697653503e-01
4.689333333333333371e+02 6.998666966906875508e+00 3.461294051419848139e-01
4.889333333333333371e+02 7.899455094778281783e+00 5.007212922428521118e-01
4.991166666666666742e+02 1.108270056132616688e+01 1.188478506780445976e+00
5.156000000000000227e+02 6.309162268552749531e+00 2.847441372421388728e-01
5.356000000000000227e+02 9.006374503397939435e+00 4.552193853265401047e-01
5.556000000000000227e+02 1.079457498523377446e+01 1.324952407254145648e+00
5.756000000000000227e+02 6.378254613171179699e+00 1.622786993956020218e-01
5.814333333333332803e+02 6.310563680493588734e+00 1.756649858532725872e-01
