4.773333333333333428e+01 2.464188851457680585e+01 6.783068375300533859e-01
1.705666666666666629e+02 2.484624431208167650e+01 4.994752148027057914e-01
2.939833333333333485e+02 3.075125910969368448e+01 4.080038352708292848e-01
4.221166666666666742e+02 4.844031295191768294e+01 5.936478485891605317e-01
4.903166666666666629e+02 4.994206741614045342e+01 6.754537965547768863e-02
5.681499999999999773e+02 4.997119402186814341e+01 3.494859565835640308e-02
6.285499999999999545e+02 4.997329467339990572e+01 3.209123350870868308e-02
6.931499999999999773e+02 4.996978412557856331e+01 3.678400105627588346e-02
7.535666666666667197e+02 4.997120503355904475e+01 3.384666219433541540e-02
8.160666666666667197e+02 4.997037479740077259e+01 3.634095597976737951e-02
8.360499999999999545e+02 4.988874314600827375e+01 1.445404425235743417e-01
9.346166666666666742e+02 4.978959390186410872e+01 2.660263838552516802e-01
9.663500000000000227e+02 1.013351630475356480e+01 2.084091126020730655e-01
1.004016666666666652e+03 1.014342195369159505e+01 1.631139088082482758e-01
1.024150000000000091e+03 1.022337275648210841e+01 3.448206649679441682e-01
1.044283333333333303e+03 4.176203632580016745e+01 2.657172627523038955e+00
1.064416666666666742e+03 2.749711473511969118e+01 1.262294558371481301e+00
1.083133333333333439e+03 3.766051306913502117e+01 1.820866817344579891e+00
