4.773333333333333428e+01 3.407780969401286484e+02 1.911522940297942341e+00
1.705666666666666629e+02 3.392250642596329726e+02 1.012996479586291798e+00
2.939833333333333485e+02 3.342352005841436267e+02 9.276440224002442392e-01
4.221166666666666742e+02 3.272734238193536953e+02 1.395242333254600453e+00
4.903166666666666629e+02 3.154945803627219334e+02 2.359181327163412334e+00
5.681499999999999773e+02 3.022367942566326064e+02 2.729479639065374386e+00
6.285499999999999545e+02 2.993572491865736538e+02 3.608989271489604800e+00
6.931499999999999773e+02 3.055013035771707450e+02 2.816370868185088749e+00
7.535666666666667197e+02 2.974839608614689155e+02 5.546078171955031166e+00
8.160666666666667197e+02 2.944979173940416217e+02 2.243541919775432447e+01
8.360499999999999545e+02 2.528643399690881779e+02 3.176096502145853151e+00
9.346166666666666742e+02 2.600145574083968540e+02 4.405714280790121506e+00
9.663500000000000227e+02 3.789345269175966564e+02 1.472200919891264448e+00
1.004016666666666652e+03 2.880814774061864796e+02 1.509885087860652897e+00
1.024150000000000091e+03 2.560999035315981018e+02 3.086320028320116649e+00
1.044283333333333303e+03 2.138715914018956425e+02 1.091277631772173606e+01
1.064416666666666742e+03 1.482822590091058430e+02 6.008879247922636502e+00
1.083133333333333439e+03 2.019114304164259011e+02 5.458389542671084449e+00
