4.773333333333333428e+01 3.549248424266010034e+02 2.646022461750615662e+01
1.705666666666666629e+02 3.463918177954952284e+02 3.566263025044853663e+01
2.939833333333333485e+02 3.429942919228882374e+02 3.543998628726475175e+01
4.221166666666666742e+02 3.352380060734612925e+02 3.938923197043272495e+01
4.903166666666666629e+02 3.451405895370154440e+02 3.727887481969425210e+01
5.681499999999999773e+02 3.396142969014341588e+02 3.922818383316226232e+01
6.285499999999999545e+02 3.373410535614520427e+02 4.128969370567016739e+01
6.931499999999999773e+02 3.421089331140680656e+02 3.867490679898059369e+01
7.535666666666667197e+02 3.357513950266148299e+02 4.302567322634002522e+01
8.160666666666667197e+02 3.290649471857187791e+02 4.666431786684015748e+01
8.360499999999999545e+02 3.145489305882360327e+02 3.766466196061841032e+01
9.346166666666666742e+02 1.981095443686328963e+02 7.304683323776499648e+00
9.663500000000000227e+02 3.496295464698520163e+02 2.096317303043400671e+01
1.004016666666666652e+03 3.409046227287192892e+02 1.841428782458788715e+00
1.024150000000000091e+03 2.734529943861854235e+02 3.180954719707218548e+00
1.044283333333333303e+03 1.247672205211915752e+02 5.459460421582721601e+00
1.064416666666666742e+03 1.892726205298003492e+02 2.103323988485957940e+01
1.083133333333333439e+03 1.501022546479032371e+02 2.157566775255827451e+01
