4.773333333333333428e+01 7.986857015055905507e+00 3.405684313595931378e-01
1.705666666666666629e+02 7.994038154461931889e+00 3.440036826099204248e-01
2.939833333333333485e+02 7.985525211200246609e+00 3.448387891973654362e-01
4.221166666666666742e+02 8.009969874779196530e+00 3.381266639470176805e-01
4.903166666666666629e+02 7.985546317528556592e+00 3.438946560275510933e-01
5.681499999999999773e+02 8.003726727101868832e+00 3.378290861986016913e-01
6.285499999999999545e+02 7.992527607889162056e+00 3.562673890146248468e-01
6.931499999999999773e+02 8.016033536163032380e+00 3.380564081552122069e-01
7.535666666666667197e+02 7.968835291483372885e+00 3.546710536006756342e-01
8.160666666666667197e+02 7.959812122037361881e+00 3.514877164621714734e-01
8.360499999999999545e+02 7.357175503054686594e+00 3.612341641948714765e-01
9.346166666666666742e+02 6.269331462796231769e+00 1.759195462637976881e-01
9.663500000000000227e+02 9.784964219011184738e+00 1.854809061102526968e-01
1.004016666666666652e+03 6.135092395291036560e+00 1.524237213988226536e-01
1.024150000000000091e+03 4.361102417359478345e+00 2.123309187430360290e-01
1.044283333333333303e+03 2.973006083363468832e+00 3.398970756789803094e-01
1.064416666666666742e+03 5.009781361721175941e+00 3.503671772205065871e-01
1.083133333333333439e+03 4.018488182369133632e+00 3.452439654050238893e-01
