4.773333333333333428e+01 3.320139825323391580e-01 3.948253058550875438e-02
1.705666666666666629e+02 2.216593465711920452e-01 2.554431824905642814e-02
2.939833333333333485e+02 1.051058314567270280e-01 1.344513044351177029e-02
4.221166666666666742e+02 5.296609442903877502e-02 6.461076366633111516e-03
4.903166666666666629e+02 2.430513412732503847e-02 5.732344334147825189e-03
5.681499999999999773e+02 1.796614081257164389e-02 4.156087080579625587e-03
6.285499999999999545e+02 2.286243150534338422e-02 4.895514207335960148e-03
6.931499999999999773e+02 2.820877878387013926e-02 4.886677308361915724e-03
7.535666666666667197e+02 3.282446357284004440e-02 5.924354892023573661e-03
8.160666666666667197e+02 3.891170348284211933e-02 7.665887399445947374e-03
8.360499999999999545e+02 5.317238736425410062e-02 1.358938829518409677e-02
9.346166666666666742e+02 1.156780044515607619e-01 1.067418814048769898e-02
9.663500000000000227e+02 2.616449623996961460e-01 2.211261908720454222e-02
1.004016666666666652e+03 3.669705093030378729e-01 2.187268733238095786e-02
1.024150000000000091e+03 1.611004177161664552e-01 6.466169830073983417e-03
1.044283333333333303e+03 2.893336234515251904e-01 4.458450693002432436e-02
1.064416666666666742e+03 3.465871236766884245e-01 4.439064988985209903e-02
1.083133333333333439e+03 1.681477873905398712e-01 4.481712364144840172e-02
