2.000000000000000000e+01 4.961803382713678268e+00 3.407468070479913180e-01
4.000000000000000000e+01 5.758945804055752404e+00 1.749793869571654170e-01
6.000000000000000000e+01 5.771504157345585639e+00 1.703430541727066760e-01
8.000000000000000000e+01 4.988226798580139842e+00 3.397355689673164925e-01
1.000000000000000000e+02 5.756723066079588946e+00 1.760423503757828634e-01
1.200000000000000000e+02 5.058087332013985638e+00 3.389100389078341102e-01
1.400000000000000000e+02 5.045871117304367104e+00 9.488302805044324106e-01
1.600000000000000000e+02 5.027799523730170250e+00 3.487289042244579029e-01
1.800000000000000000e+02 5.325470732648849292e+00 5.447176944549716460e-01
2.000000000000000000e+02 5.701994422838531307e+00 2.043034345274760688e-01
2.200000000000000000e+02 5.633842268436367817e+00 4.761792106201255259e-01
2.400000000000000000e+02 3.038962706435220262e+00 8.666144247588063454e-01
2.600000000000000000e+02 5.709543154783006003e+00 2.007672411610705865e-01
2.800000000000000000e+02 5.003706390912731727e+00 3.473089864858964759e-01
3.000000000000000000e+02 nan 0.000000000000000000e+00
3.200000000000000000e+02 nan 0.000000000000000000e+00
3.400000000000000000e+02 nan 0.000000000000000000e+00
3.600000000000000000e+02 nan 0.000000000000000000e+00
3.800000000000000000e+02 nan 0.000000000000000000e+00
4.000000000000000000e+02 nan 0.000000000000000000e+00
4.200000000000000000e+02 nan 0.000000000000000000e+00
4.400000000000000000e+02 nan 0.000000000000000000e+00
4.600000000000000000e+02 5.237014714994363551e+00 5.137199495425495144e-01
4.800000000000000000e+02 3.014638027026662837e+00 3.361860573320574197e-01
5.000000000000000000e+02 3.025322908192474181e+00 4.184534983296667732e-01
5.200000000000000000e+02 2.157971427115714214e+00 1.954115992633737864e-01
5.400000000000000000e+02 4.828415911932374627e+00 3.287872098174676183e-01
5.600000000000000000e+02 5.064185156176938207e+00 3.375354972838779388e-01
5.800000000000000000e+02 3.940227220419915355e+00 2.971603937753275471e-01
6.000000000000000000e+02 4.037701355920645163e+00 3.114933836176974058e-01
6.200000000000000000e+02 2.249384557203622848e+00 1.735879699670881404e-01
6.400000000000000000e+02 3.982978180994520390e+00 3.392107501143484249e-01
