2.000000000000000000e+01 2.212730905506307693e+02 1.841063471423365527e+01
4.000000000000000000e+01 2.573149201270835533e+02 2.087739294155455383e+01
6.000000000000000000e+01 2.555459971936504076e+02 2.123558466419060409e+01
8.000000000000000000e+01 2.189590077278876663e+02 2.010233584505296633e+01
1.000000000000000000e+02 2.545413995639892164e+02 2.230666898387869779e+01
1.200000000000000000e+02 2.197295111249503918e+02 2.177457123865354305e+01
1.400000000000000000e+02 2.173096782267489289e+02 2.425148284301323542e+01
1.600000000000000000e+02 2.177118976298024222e+02 2.126277891035561751e+01
1.800000000000000000e+02 2.337229336083886722e+02 2.187231150526572421e+01
2.000000000000000000e+02 2.507265832305435538e+02 2.300778883007677322e+01
2.200000000000000000e+02 2.413058149238759711e+02 2.481314595590453820e+01
2.400000000000000000e+02 1.176154633438372770e+02 2.070107955681316270e+01
2.600000000000000000e+02 2.483566044653576341e+02 2.511090823028875008e+01
2.800000000000000000e+02 2.182727274127675230e+02 2.021034884919839314e+01
3.000000000000000000e+02 nan nan
3.200000000000000000e+02 nan nan
3.400000000000000000e+02 nan nan
3.600000000000000000e+02 nan nan
3.800000000000000000e+02 nan nan
4.000000000000000000e+02 nan nan
4.200000000000000000e+02 nan nan
4.400000000000000000e+02 nan nan
4.600000000000000000e+02 2.282894643893163504e+02 2.302367410859124064e+01
4.800000000000000000e+02 1.323448527631049672e+02 1.287922683703890492e+01
5.000000000000000000e+02 1.346701593286383911e+02 2.689538128448177545e+01
5.200000000000000000e+02 9.033103550945901361e+01 1.277028031672415942e+01
5.400000000000000000e+02 2.809304408541757425e+02 1.339772247692682150e+01
5.600000000000000000e+02 2.923103762771266361e+02 1.494531030720631470e+01
5.800000000000000000e+02 2.329628969201744155e+02 1.340924763888623916e+00
6.000000000000000000e+02 2.399297422493258125e+02 1.200509787710338339e+00
6.200000000000000000e+02 9.497784332841429489e+01 1.001288256922125797e+01
6.400000000000000000e+02 1.835083642418024965e+02 1.025993820424722003e+01
