2.000000000000000000e+01 1.287342110096359460e-01 2.399482784646942909e-02
4.000000000000000000e+01 8.715950732946883828e-02 1.517873703423888374e-02
6.000000000000000000e+01 7.280431299416924296e-02 1.418613634811022838e-02
8.000000000000000000e+01 1.179914657713292958e-01 2.641754595177369519e-02
1.000000000000000000e+02 6.014719103861143612e-02 1.252855331263768093e-02
1.200000000000000000e+02 7.885652888651738246e-02 2.081836021443222301e-02
1.400000000000000000e+02 8.306450108186991255e-02 4.652290233932609292e-02
1.600000000000000000e+02 8.527741109658748542e-02 2.072603414618751430e-02
1.800000000000000000e+02 8.163198745822550229e-02 2.703084672812496383e-02
2.000000000000000000e+02 5.671577154724811304e-02 1.516966313017272146e-02
2.200000000000000000e+02 6.051575560788640534e-02 1.966750736900311353e-02
2.400000000000000000e+02 8.580433857076079363e-02 5.326429908062259994e-02
2.600000000000000000e+02 4.522416390336066877e-02 1.379321339116701753e-02
2.800000000000000000e+02 1.336906285219162382e-01 2.729500252995270548e-02
3.000000000000000000e+02 nan nan
3.200000000000000000e+02 nan nan
3.400000000000000000e+02 nan nan
3.600000000000000000e+02 nan nan
3.800000000000000000e+02 nan nan
4.000000000000000000e+02 nan nan
4.200000000000000000e+02 nan nan
4.400000000000000000e+02 nan nan
4.600000000000000000e+02 7.243259631769848050e-02 2.342383674602004778e-02
4.800000000000000000e+02 9.890780852526684375e-02 2.126847793877630760e-02
5.000000000000000000e+02 5.459375769869693334e-02 2.212661062331346129e-02
5.200000000000000000e+02 4.105171769432762741e-01 1.889856852586387082e-01
5.400000000000000000e+02 3.115830540264158399e-01 4.254562390573154995e-02
5.600000000000000000e+02 1.084840961364155476e-01 1.048184419318688027e-02
5.800000000000000000e+02 6.401385187169035262e-01 4.891667624582239637e-02
6.000000000000000000e+02 7.218542832078538307e-01 6.580134464989795262e-02
6.200000000000000000e+02 1.964644102859247066e-01 3.275185362046539178e-02
6.400000000000000000e+02 5.918078384997582653e-01 6.933211330530333893e-02
