2.000000000000000000e+01 2.295879085496908942e+02 3.812432061667053063e+00
4.000000000000000000e+01 2.318410866397954635e+02 2.468043909272410463e+00
6.000000000000000000e+01 2.329693901680486192e+02 1.927888145183076052e+00
8.000000000000000000e+01 2.284952742716581611e+02 4.246788979943531217e+00
1.000000000000000000e+02 2.328176519750951741e+02 2.191632204755194380e+00
1.200000000000000000e+02 2.256819277250665152e+02 5.159877510662000510e+00
1.400000000000000000e+02 2.272132043594799882e+02 7.232134150242786497e+00
1.600000000000000000e+02 2.292836990400255957e+02 3.537142909344310748e+00
1.800000000000000000e+02 2.224288675052574433e+02 6.656254068315775818e+00
2.000000000000000000e+02 2.293958435425928997e+02 4.118869043606906644e+00
2.200000000000000000e+02 2.242435821406568550e+02 4.881591795090273855e+00
2.400000000000000000e+02 2.256704260277213336e+02 7.988468749698782290e+00
2.600000000000000000e+02 2.268298233390123073e+02 4.452010113183277440e+00
2.800000000000000000e+02 2.248132737458081749e+02 6.358351319949392177e+00
3.000000000000000000e+02 nan 0.000000000000000000e+00
3.200000000000000000e+02 nan 0.000000000000000000e+00
3.400000000000000000e+02 nan 0.000000000000000000e+00
3.600000000000000000e+02 nan 0.000000000000000000e+00
3.800000000000000000e+02 nan 0.000000000000000000e+00
4.000000000000000000e+02 nan 0.000000000000000000e+00
4.200000000000000000e+02 nan 0.000000000000000000e+00
4.400000000000000000e+02 nan 0.000000000000000000e+00
4.600000000000000000e+02 2.236375000864830440e+02 5.540642378697214099e+00
4.800000000000000000e+02 2.305831578926655823e+02 3.151808443053326414e+00
5.000000000000000000e+02 2.212075745594297018e+02 6.266318091513753075e+00
5.200000000000000000e+02 2.089120375668257168e+02 2.171625811007073992e+01
5.400000000000000000e+02 2.334094195424074485e+02 1.677334579308236817e+00
5.600000000000000000e+02 2.340450707989398893e+02 8.771027243821833963e-01
5.800000000000000000e+02 1.862290032807324280e+02 9.471858584763410249e+00
6.000000000000000000e+02 1.872180721494804629e+02 1.001491937157114087e+01
6.200000000000000000e+02 1.917750530184138995e+02 1.211329931140681992e+00
6.400000000000000000e+02 2.073165219116498861e+02 5.530916771132127430e+00
