2.000000000000000000e+01 4.033317471814325472e+01 1.251145245198426181e+00
4.000000000000000000e+01 3.701888719420165330e+01 1.047354673978564188e+00
6.000000000000000000e+01 3.813763892738952421e+01 1.032251004813413919e+00
8.000000000000000000e+01 4.090057559159438938e+01 1.309330843156889301e+00
1.000000000000000000e+02 4.299173215865478426e+01 1.027101085723870710e+00
1.200000000000000000e+02 4.279084959288296375e+01 1.596404749929643430e+00
1.400000000000000000e+02 3.806985570446053657e+01 2.625831898822447386e+00
1.600000000000000000e+02 4.315455945980236407e+01 1.365942764237012108e+00
1.800000000000000000e+02 3.917562224428873918e+01 1.142345750687624895e+00
2.000000000000000000e+02 4.125402007375020474e+01 1.194432733966347859e+00
2.200000000000000000e+02 4.062027247253708140e+01 1.208452176831016800e+00
2.400000000000000000e+02 3.977202185962664771e+01 3.138439359190300593e+00
2.600000000000000000e+02 4.119845745055927466e+01 1.277878438438922126e+00
2.800000000000000000e+02 4.431927702314561657e+01 2.555160732295721715e+00
3.000000000000000000e+02 nan 0.000000000000000000e+00
3.200000000000000000e+02 nan 0.000000000000000000e+00
3.400000000000000000e+02 nan 0.000000000000000000e+00
3.600000000000000000e+02 nan 0.000000000000000000e+00
3.800000000000000000e+02 nan 0.000000000000000000e+00
4.000000000000000000e+02 nan 0.000000000000000000e+00
4.200000000000000000e+02 nan 0.000000000000000000e+00
4.400000000000000000e+02 nan 0.000000000000000000e+00
4.600000000000000000e+02 4.126654205758804039e+01 1.220597272254288157e+00
4.800000000000000000e+02 3.885388113364018636e+01 1.213984962622074448e+00
5.000000000000000000e+02 3.806326384634352422e+01 1.758155638131928100e+00
5.200000000000000000e+02 1.172286453904668591e+01 5.429513370048473675e+00
5.400000000000000000e+02 5.424513497371295401e+00 4.831380069061780858e-01
5.600000000000000000e+02 5.289065116668854039e+00 3.393153241561179811e-01
5.800000000000000000e+02 4.126186000632306161e+01 6.300407146912378131e+00
6.000000000000000000e+02 3.738872672464435709e+01 3.922544573168827764e+00
6.200000000000000000e+02 1.771303705244553583e+01 7.868557504747411002e-01
6.400000000000000000e+02 4.644549774412375598e+01 3.647585226960107008e+00
