6.519720623905642e-03 9.705020285659650e-01 7.179661443665644e-02 0.000000000000000e+00
6.651229908610444e-03 1.029115217941349e+00 6.735845208245499e-02 0.000000000000000e+00
6.785391867097024e-03 1.035152831294843e+00 6.281253420395551e-02 0.000000000000000e+00
6.922260006448238e-03 1.105805922965368e+00 6.208986294518873e-02 0.000000000000000e+00
7.061888913038305e-03 1.025595615997551e+00 5.346926342868275e-02 0.000000000000000e+00
7.204334274303201e-03 1.040998265126983e+00 5.109165027970160e-02 0.000000000000000e+00
7.349652900950171e-03 1.071519523281818e+00 4.754450315514581e-02 0.000000000000000e+00
7.497902749615237e-03 1.107433491931882e+00 4.533770448172419e-02 0.000000000000000e+00
7.649142945977726e-03 1.069876661483969e+00 4.109859335928966e-02 0.000000000000000e+00
7.803433808341042e-03 1.087186001929724e+00 3.922491151514475e-02 0.000000000000000e+00
7.960836871689088e-03 1.079873737771547e+00 3.529952144336214e-02 0.000000000000000e+00
8.121414912227929e-03 1.110319902397042e+00 3.428525019072958e-02 0.000000000000000e+00
8.285231972422478e-03 1.058541952814576e+00 3.056544767324608e-02 0.000000000000000e+00
8.452353386538212e-03 1.108454872422882e+00 2.984701957060918e-02 0.000000000000000e+00
8.622845806698073e-03 1.023167787515553e+00 2.677420992374506e-02 0.000000000000000e+00
8.796777229464980e-03 1.065206532558380e+00 2.618632249490588e-02 0.000000000000000e+00
8.974217022960519e-03 1.082741372939942e+00 2.546429413016817e-02 0.000000000000000e+00
9.155235954530655e-03 1.089032943660299e+00 2.322822491610712e-02 0.000000000000000e+00
9.339906218969494e-03 1.092623945623526e+00 2.144511249440961e-02 0.000000000000000e+00
9.528301467312327e-03 1.072935095201734e+00 2.018368099119967e-02 0.000000000000000e+00
9.720496836209482e-03 1.075386053456458e+00 1.949627712957981e-02 0.000000000000000e+00
9.916568977892665e-03 1.067458430916439e+00 1.849894916220232e-02 0.000000000000000e+00
1.011659609074574e-02 1.056771203766455e+00 1.778651427935537e-02 0.000000000000000e+00
1.032065795049217e-02 1.085822807601486e+00 1.729509628041147e-02 0.000000000000000e+00
1.052883594201155e-02 1.083642523635313e+00 1.665856710290027e-02 0.000000000000000e+00
1.074121309179786e-02 1.085980519645183e+00 1.605494013107892e-02 0.000000000000000e+00
1.095787410107252e-02 1.062116707646413e+00 1.600978065783163e-02 0.000000000000000e+00
1.117890537956525e-02 1.080921278236802e+00 1.643474585633034e-02 0.000000000000000e+00
1.140439507997646e-02 1.087862500708866e+00 1.592430229139366e-02 0.000000000000000e+00
1.163443313313467e-02 1.066572906046839e+00 1.517568389134406e-02 0.000000000000000e+00
1.186911128386313e-02 1.058129819579481e+00 1.459300142031491e-02 0.000000000000000e+00
1.210852312756993e-02 1.036461694059776e+00 1.385866039369788e-02 0.000000000000000e+00
1.235276414757614e-02 1.061910622483827e+00 1.369563776053924e-02 0.000000000000000e+00
1.260193175319690e-02 1.053138097252538e+00 1.314420483118704e-02 0.000000000000000e+00
1.285612531859064e-02 1.088710680741099e+00 1.310616782135102e-02 0.000000000000000e+00
1.311544622239193e-02 1.067032515753170e+00 1.249157994504286e-02 0.000000000000000e+00
1.337999788814380e-02 1.055622276163217e+00 1.202968626056642e-02 0.000000000000000e+00
1.364988582554555e-02 1.027141461912108e+00 1.141602606237303e-02 0.000000000000000e+00
1.392521767253262e-02 1.054779146462855e+00 1.132557909693472e-02 0.000000000000000e+00
1.420610323820528e-02 1.048352883302818e+00 1.094418468102636e-02 0.000000000000000e+00
1.449265454662312e-02 1.053108050027580e+00 1.066026239450423e-02 0.000000000000000e+00
1.478498588148305e-02 1.053269336247316e+00 1.033995320449680e-02 0.000000000000000e+00
1.508321383169845e-02 1.047184145703877e+00 9.992237557752812e-03 0.000000000000000e+00
1.538745733789764e-02 1.037605617081669e+00 9.585803519763269e-03 0.000000000000000e+00
1.569783773986037e-02 1.048932978745684e+00 9.378291888589610e-03 0.000000000000000e+00
1.601447882491110e-02 1.026974413104970e+00 8.958106359200461e-03 0.000000000000000e+00
1.633750687728838e-02 1.006375968105069e+00 8.540319934778842e-03 0.000000000000000e+00
1.666705072851016e-02 9.922074331989236e-01 8.211417473572527e-03 0.000000000000000e+00
1.700324180875494e-02 9.412012917088983e-01 7.689628351075149e-03 0.000000000000000e+00
1.734621419927933e-02 8.756927559207057e-01 7.118242116917549e-03 0.000000000000000e+00
1.769610468589300e-02 7.531705126036642e-01 6.239444354885666e-03 0.000000000000000e+00
1.805305281351214e-02 5.842604917626719e-01 5.152457339605108e-03 0.000000000000000e+00
1.841720094181350e-02 3.637857274527764e-01 3.742873566031815e-03 0.000000000000000e+00
1.878869430201081e-02 1.592108498308617e-01 2.267850735950940e-03 0.000000000000000e+00
1.916768105477668e-02 5.474191923596465e-02 1.241458402042876e-03 0.000000000000000e+00
1.955431234933257e-02 5.387313547740444e-02 1.194410650133950e-03 0.000000000000000e+00
1.994874238373096e-02 1.074530999081784e-01 1.666992818083715e-03 0.000000000000000e+00
2.035112846635320e-02 1.524330483930862e-01 1.716119853696860e-03 0.000000000000000e+00
2.076163107864801e-02 1.815401110300390e-01 1.850340145936564e-03 0.000000000000000e+00
2.118041393913542e-02 1.891069576266841e-01 1.845806905824632e-03 0.000000000000000e+00
2.160764406870172e-02 1.694098891168780e-01 1.678712913523668e-03 0.000000000000000e+00
2.204349185721150e-02 1.391396430033477e-01 1.423562203008350e-03 0.000000000000000e+00
2.248813113146332e-02 1.049565655259219e-01 1.165337993809102e-03 0.000000000000000e+00
2.294173922451606e-02 6.829658350905998e-02 8.864775863639176e-04 0.000000000000000e+00
2.340449704641378e-02 3.580158893953738e-02 6.142867570195462e-04 0.000000000000000e+00
2.387658915633699e-02 1.473803807098976e-02 3.736104294339820e-04 0.000000000000000e+00
2.435820383620946e-02 6.182207025718405e-03 2.328133011045871e-04 0.000000000000000e+00
2.484953316578965e-02 8.480293580675688e-03 2.675773055912687e-04 0.000000000000000e+00
2.535077309927679e-02 1.741156377120438e-02 3.801685261552368e-04 0.000000000000000e+00
2.586212354346230e-02 2.849683356413381e-02 4.821759144722912e-04 0.000000000000000e+00
2.638378843745748e-02 3.950930844710861e-02 5.764785673656307e-04 0.000000000000000e+00
2.691597583402944e-02 4.373411703215651e-02 6.078595203220197e-04 0.000000000000000e+00
2.745889798257764e-02 4.396994581552185e-02 5.980172666649174e-04 0.000000000000000e+00
2.801277141378422e-02 4.011555181968513e-02 5.548920177048572e-04 0.000000000000000e+00
2.857781702597166e-02 3.054493558141646e-02 4.646531725534464e-04 0.000000000000000e+00
2.915426017320253e-02 2.130680608348033e-02 3.706690110424830e-04 0.000000000000000e+00
2.974233075515620e-02 1.252497664244213e-02 2.725422131741810e-04 0.000000000000000e+00
3.034226330881846e-02 6.148392452698865e-03 1.723133082345538e-04 0.000000000000000e+00
3.095429710202063e-02 2.394189607384260e-03 1.030977197464368e-04 0.000000000000000e+00
3.157867622886550e-02 2.310824238405289e-03 9.774816799973107e-05 0.000000000000000e+00
3.221564970707794e-02 5.127062735974712e-03 1.429657946972427e-04 0.000000000000000e+00
3.286547157731941e-02 9.067613874761368e-03 1.893349362476527e-04 0.000000000000000e+00
3.352840100450551e-02 1.204013173252662e-02 2.145257765891426e-04 0.000000000000000e+00
3.420470238116739e-02 1.371651648511795e-02 2.261371987777050e-04 0.000000000000000e+00
3.489464543289791e-02 1.358178123147843e-02 2.179971321386794e-04 0.000000000000000e+00
3.559850532592490e-02 1.168108052570612e-02 1.953977146986858e-04 0.000000000000000e+00
3.631656277685413e-02 8.023407795552384e-03 1.527503540187203e-04 0.000000000000000e+00
3.704910416462606e-02 4.878138471088958e-03 1.118561447499492e-04 0.000000000000000e+00
3.779642164473073e-02 2.099172674562320e-03 6.916890958295968e-05 0.000000000000000e+00
3.855881326572659e-02 8.797381516837191e-04 4.254309558864421e-05 0.000000000000000e+00
3.933658308810957e-02 9.768324489889985e-04 4.142551763423218e-05 0.000000000000000e+00
4.013004130557982e-02 2.134622560794613e-03 5.996397924305608e-05 0.000000000000000e+00
4.093950436875467e-02 3.669172279994249e-03 7.809773768065354e-05 0.000000000000000e+00
4.176529511137683e-02 4.838544786938029e-03 8.831380572375483e-05 0.000000000000000e+00
4.260774287906841e-02 5.144163809590223e-03 8.778076667630471e-05 0.000000000000000e+00
4.346718366068209e-02 4.263765524538238e-03 7.630184782964473e-05 0.000000000000000e+00
4.434396022230171e-02 3.022537528782464e-03 6.131027233260367e-05 0.000000000000000e+00
4.523842224394576e-02 1.506037600545454e-03 4.068183515663976e-05 0.000000000000000e+00
4.615092645902839e-02 5.931716473963995e-04 2.422216549818042e-05 0.000000000000000e+00
4.708183679663346e-02 3.887261437449972e-04 1.878554747487029e-05 0.000000000000000e+00
4.803152452665835e-02 9.209909252178756e-04 2.820164391892979e-05 0.000000000000000e+00
4.900036840788558e-02 1.569076262426351e-03 3.620280100259943e-05 0.000000000000000e+00
4.998875483904103e-02 2.107168832128044e-03 4.119652290897192e-05 0.000000000000000e+00
5.099707801289933e-02 2.094177036202572e-03 4.022428336154132e-05 0.000000000000000e+00
5.202574007349752e-02 1.614410222839051e-03 3.381265694834432e-05 0.000000000000000e+00
5.307515127652004e-02 9.129361888811587e-04 2.407522970353532e-05 0.000000000000000e+00
5.414573015291872e-02 3.705970238449874e-04 1.456004856828640e-05 0.000000000000000e+00
5.523790367583326e-02 2.234285040493085e-04 1.083608666785104e-05 0.000000000000000e+00
5.635210743087848e-02 4.480601731004812e-04 1.509727359715990e-05 0.000000000000000e+00
5.748878578986674e-02 8.598186421891600e-04 2.079240577149325e-05 0.000000000000000e+00
5.864839208803414e-02 1.078756803072000e-03 2.293283002379785e-05 0.000000000000000e+00
5.983138880484187e-02 9.568834862720268e-04 2.114858412607844e-05 0.000000000000000e+00
6.103824774842434e-02 6.064944218751079e-04 1.617257797995522e-05 0.000000000000000e+00
6.226945024375781e-02 2.482686853484466e-04 9.858248080871085e-06 0.000000000000000e+00
6.352548732462465e-02 1.373792192735804e-04 7.108563463442002e-06 0.000000000000000e+00
6.480685992944965e-02 2.801839588205001e-04 9.984182474817821e-06 0.000000000000000e+00
6.611407910108658e-02 4.904705103769968e-04 1.315027838154195e-05 0.000000000000000e+00
6.744766619063461e-02 5.927460170121073e-04 1.421453030590433e-05 0.000000000000000e+00
6.880815306536589e-02 4.441210071420718e-04 1.186026148842369e-05 0.000000000000000e+00
7.019608232084738e-02 2.073005026769495e-04 7.693548835508815e-06 0.000000000000000e+00
7.161200749734120e-02 1.006108677886458e-04 5.147122245196542e-06 0.000000000000000e+00
7.305649330057007e-02 1.405879570170913e-04 5.920102754120220e-06 0.000000000000000e+00
7.453011582693586e-02 2.726046928875093e-04 8.153918306009232e-06 0.000000000000000e+00
7.603346279328099e-02 3.098608888357465e-04 8.497244775384135e-06 0.000000000000000e+00
7.756713377128426e-02 2.331936955181137e-04 7.137498319332909e-06 0.000000000000000e+00
7.913174042658483e-02 1.031218254922413e-04 4.535937754626195e-06 0.000000000000000e+00
8.072790676272948e-02 6.044136106093742e-05 3.346127141327491e-06 0.000000000000000e+00
8.235626937004048e-02 1.215654837902000e-04 4.670393058149680e-06 0.000000000000000e+00
8.401747767950357e-02 1.817306118438778e-04 5.615842896446041e-06 0.000000000000000e+00
8.571219422177684e-02 1.504005287612133e-04 4.959379631617035e-06 0.000000000000000e+00
8.744109489142429e-02 7.214244770184381e-05 3.294106090324081e-06 0.000000000000000e+00
8.920486921647922e-02 5.100495304188109e-05 2.688498956500444e-06 0.000000000000000e+00
9.100422063344482e-02 8.894849254086185e-05 3.478550132402503e-06 0.000000000000000e+00
9.283986676784203e-02 1.140610338447800e-04 3.867046632835836e-06 0.000000000000000e+00
9.471253972041617e-02 8.177150564200404e-05 3.169873393003478e-06 0.000000000000000e+00
9.662298635911669e-02 3.761843928150907e-05 2.071574812491747e-06 0.000000000000000e+00
9.857196861696643e-02 3.943542612876533e-05 2.061005480911457e-06 0.000000000000000e+00
1.005602637959393e-01 6.535719284548171e-05 2.614990625742599e-06 0.000000000000000e+00
1.025886648769672e-01 6.199803856073295e-05 2.486754533820402e-06 0.000000000000000e+00
1.046579808362005e-01 3.152336860316389e-05 1.722480556143771e-06 0.000000000000000e+00
1.067690369676475e-01 2.321412060307766e-05 1.446767289228752e-06 0.000000000000000e+00
1.089226752123219e-01 3.892345095196479e-05 1.845994731239711e-06 0.000000000000000e+00
1.111197544940296e-01 4.139689503562844e-05 1.874118877091015e-06 0.000000000000000e+00
1.133611510619287e-01 2.323932649818275e-05 1.365189242849513e-06 0.000000000000000e+00
1.156477588399989e-01 1.794024946817980e-05 1.180059553503047e-06 0.000000000000000e+00
1.179804897835605e-01 2.723294678817493e-05 1.440266918960153e-06 0.000000000000000e+00
1.203602742429847e-01 2.255375503386829e-05 1.285145589934463e-06 0.000000000000000e+00
1.227880613347399e-01 1.212390497589704e-05 9.236674448868344e-07 0.000000000000000e+00
1.252648193199229e-01 1.334516840271298e-05 9.593872466179406e-07 0.000000000000000e+00
1.277915359904251e-01 1.716480635968973e-05 1.070305744030602e-06 0.000000000000000e+00
1.303692190628880e-01 1.450564981515552e-05 9.636818938400928e-07 0.000000000000000e+00
1.329988965806055e-01 8.940866178703177e-06 7.383723643913612e-07 0.000000000000000e+00
1.356816173235329e-01 1.315209407075643e-05 8.845809554665514e-07 0.000000000000000e+00
1.384184512265659e-01 9.492262755091534e-06 7.371132553996645e-07 0.000000000000000e+00
1.412104898062569e-01 6.257949865641619e-06 5.906247397169026e-07 0.000000000000000e+00
1.440588465961390e-01 8.535591090555099e-06 6.811891182679668e-07 0.000000000000000e+00
1.469646575908297e-01 7.232824814350575e-06 6.242072242233491e-07 0.000000000000000e+00
1.499290816990943e-01 5.398935413252221e-06 5.304835514952995e-07 0.000000000000000e+00
1.529533012060468e-01 6.754334471560774e-06 5.897097693659392e-07 0.000000000000000e+00
1.560385222446739e-01 5.078602045775463e-06 5.058287897869197e-07 0.000000000000000e+00
1.591859752768713e-01 4.401274033428300e-06 4.687645452642009e-07 0.000000000000000e+00
1.623969155841810e-01 4.013849641040932e-06 4.477390581565927e-07 0.000000000000000e+00
1.656726237684295e-01 3.348739147615176e-06 4.073150389893078e-07 0.000000000000000e+00
1.690144062624625e-01 2.801797665233568e-06 3.684040366152921e-07 0.000000000000000e+00
1.724235958511827e-01 2.862686167921779e-06 3.669213416846674e-07 0.000000000000000e+00
1.759015522030969e-01 2.306259499563906e-06 3.287037791117626e-07 0.000000000000000e+00
1.794496624125855e-01 2.219177455216329e-06 3.191770320426296e-07 0.000000000000000e+00
1.830693415531098e-01 1.691067939207310e-06 2.758977604515877e-07 0.000000000000000e+00
1.867620332415776e-01 1.429794273869272e-06 2.518925027774617e-07 0.000000000000000e+00
1.905292102140934e-01 1.770725934605311e-06 2.797480109196105e-07 0.000000000000000e+00
1.943723749133219e-01 1.444295801966916e-06 2.513993725641375e-07 0.000000000000000e+00
1.982930600876985e-01 1.188918117262246e-06 2.280792162572493e-07 0.000000000000000e+00
2.022928294027275e-01 9.884523357435375e-07 2.076626645514102e-07 0.000000000000000e+00
2.063732780646099e-01 1.193755023134709e-06 2.298788024611850e-07 0.000000000000000e+00
2.105360334564511e-01 9.758478383910894e-07 2.094846393892878e-07 0.000000000000000e+00
2.147827557873012e-01 8.377130257773884e-07 1.949172848332409e-07 0.000000000000000e+00
2.191151387542868e-01 8.076766624902526e-07 1.932254288576302e-07 0.000000000000000e+00
2.235349102180996e-01 5.760317879695318e-07 1.644609003674010e-07 0.000000000000000e+00
2.280438328921089e-01 1.416750988068968e-07 8.207414106678879e-08 0.000000000000000e+00
2.326437050453756e-01 5.474873779253802e-07 1.635919474086573e-07 0.000000000000000e+00
2.373363612198459e-01 5.057890725007123e-07 1.589643976655756e-07 0.000000000000000e+00
2.421236729620114e-01 2.349872414269065e-07 1.092680159816191e-07 0.000000000000000e+00
2.470075495693281e-01 2.821554089652140e-07 1.202179794604458e-07 0.000000000000000e+00
2.519899388516910e-01 2.963552465352716e-07 1.259085404642650e-07 0.000000000000000e+00
2.570728279082685e-01 4.259169147531473e-07 1.517878692572919e-07 0.000000000000000e+00
2.622582439200062e-01 1.843559018612035e-07 1.029199224186673e-07 0.000000000000000e+00
2.675482549581166e-01 2.179210361175915e-07 1.138219355821060e-07 0.000000000000000e+00
2.729449708088768e-01 1.804288180779202e-07 1.079021744546007e-07 0.000000000000000e+00
2.784505438150626e-01 3.344117997730614e-07 1.541967553559867e-07 0.000000000000000e+00
2.840671697343563e-01 2.901350271155688e-07 1.469973809765445e-07 0.000000000000000e+00
2.897970886150680e-01 3.291040598905949e-07 1.625732245083721e-07 0.000000000000000e+00
2.956425856895225e-01 1.079115481365667e-07 1.079250940271910e-07 0.000000000000000e+00
3.016059922854659e-01 5.574350271533078e-08 8.268853114042484e-08 0.000000000000000e+00
3.076896867558560e-01 2.685295196616424e-07 1.842671770839437e-07 0.000000000000000e+00
3.138960954274084e-01 1.478311615388980e-07 1.420093559754901e-07 0.000000000000000e+00
3.202276935682746e-01 4.406702199390742e-07 2.527328432351714e-07 0.000000000000000e+00
3.266870063752403e-01 5.790570139483251e-07 3.005207480420015e-07 0.000000000000000e+00
3.332766099808352e-01 8.201454521126730e-07 3.698015438978930e-07 0.000000000000000e+00
3.399991324807586e-01 2.860978527154648e-07 2.233774921909958e-07 0.000000000000000e+00
3.468572549820280e-01 0.000000000000000e+00 0.000000000000000e+00 0.000000000000000e+00
3.538537126722705e-01 2.006745060685021e-07 2.007007009786311e-07 0.000000000000000e+00
3.609912959105829e-01 0.000000000000000e+00 0.000000000000000e+00 0.000000000000000e+00
3.682728513403952e-01 0.000000000000000e+00 0.000000000000000e+00 0.000000000000000e+00
3.757012830247823e-01 1.648908468333245e-07 2.009159884547576e-07 0.000000000000000e+00
3.832795536046752e-01 1.765625404932195e-07 2.100603768375311e-07 0.000000000000000e+00
3.910106854804352e-01 1.721488621650543e-07 2.094367363895643e-07 0.000000000000000e+00
3.988977620172610e-01 4.503632834570036e-07 3.519303463742602e-07 0.000000000000000e+00
4.069439287749111e-01 3.741228382003253e-07 3.277991395377099e-07 0.000000000000000e+00
4.151523947622299e-01 2.689717595896910e-07 2.863000643295234e-07 0.000000000000000e+00
4.235264337169788e-01 3.489786776695686e-07 3.302570518723685e-07 0.000000000000000e+00
4.322304483609785e-01 0.000000000000000e+00 0.000000000000000e+00 0.000000000000000e+00
