2.091434320059279e-02	2.800193849556686e-03	5.822340124934341e-04	4.131889821956034e-02
2.143686794961112e-02	1.971349929742005e-03	4.472171978261902e-04	4.235121115020392e-02
2.197244747690854e-02	1.138861216188768e-03	3.140407193616555e-04	4.340931542651966e-02
2.252140794356400e-02	1.777218859773650e-03	3.557170862079105e-04	4.449385542047254e-02
2.308408365947731e-02	9.440036955724011e-04	2.297836924035063e-04	4.560549160304131e-02
2.366081728695955e-02	1.037402319016067e-03	2.250526441461780e-04	4.674490094643686e-02
2.425196004941008e-02	7.801753676435799e-04	1.814920432183115e-04	4.791277733636963e-02
2.485787194520709e-02	6.054725382384222e-04	1.465232527990368e-04	4.910983199461717e-02
2.547892196694197e-02	5.381253433898908e-04	1.255701766090188e-04	5.033679391214906e-02
2.611548832613112e-02	4.614325264376259e-04	1.076300146876330e-04	5.159441029307309e-02
2.676795868354191e-02	4.794888738749115e-04	1.024190200950347e-04	5.288344700967304e-02
2.743673038527310e-02	2.913245224935566e-04	7.381263998897644e-05	5.420468906881501e-02
2.812221070473357e-02	4.631480836129053e-04	8.827908759617851e-05	5.555894109000668e-02
2.882481709066659e-02	2.943992487152991e-04	6.620330617033956e-05	5.694702779540017e-02
2.954497742137078e-02	5.958558518965320e-04	8.926384507776501e-05	5.836979451203737e-02
3.028313026527248e-02	3.371623541152256e-04	6.413000400337300e-05	5.982810768664325e-02
3.103972514800837e-02	4.590511779531540e-04	7.044147724313918e-05	6.132285541328085e-02
3.181522282618079e-02	3.852548542699908e-04	6.104218806105356e-05	6.285494797418915e-02
3.261009556795261e-02	3.873246342856506e-04	5.829294803191635e-05	6.442531839413340e-02
3.342482744065255e-02	3.214645496956912e-04	5.036608971620183e-05	6.603492300860517e-02
3.425991460556589e-02	3.335337172990940e-04	4.908028261217430e-05	6.768474204621844e-02
3.511586562009046e-02	2.169801309409109e-04	3.755534108711949e-05	6.937578022565635e-02
3.599320174744151e-02	3.072429674503358e-04	4.264003248820353e-05	7.110906736753198e-02
3.689245727409438e-02	2.305875549297820e-04	3.522201600495978e-05	7.288565902153590e-02
3.781417983515808e-02	1.407249314885690e-04	2.626614255693192e-05	7.470663710925246e-02
3.875893074787810e-02	1.640570326752852e-04	2.738118931264258e-05	7.657311058303617e-02
3.972728535347143e-02	1.086228449658756e-04	2.148516992012834e-05	7.848621610134952e-02
4.071983336750199e-02	9.196976112023383e-05	1.868752278490083e-05	8.044711872097342e-02
4.173717923900987e-02	7.793662938343582e-05	1.687674286016837e-05	8.245701260651185e-02
4.277994251861304e-02	3.653708708952796e-05	1.095114367016347e-05	8.451712175762291e-02
4.384875823580578e-02	3.093524008653488e-05	9.813994205266454e-06	8.662870075441882e-02
4.494427728568348e-02	2.257804258904402e-05	7.991821904259506e-06	8.879303552148926e-02
4.606716682532946e-02	2.002663484403755e-05	7.269077622229653e-06	9.101144411101295e-02
4.721811068010508e-02	1.748260892506221e-05	6.438997055466722e-06	9.328527750543454e-02
4.839780976009063e-02	2.786502391963572e-05	7.825892967261253e-06	9.561592044019571e-02
4.960698248693061e-02	2.093584915983903e-05	6.517395355702825e-06	9.800479224702124e-02
5.084636523134331e-02	2.388081819897075e-05	6.628079041193971e-06	1.004533477182739e-01
5.211671276156117e-02	2.236595146390568e-05	6.125046840125533e-06	1.029630779929045e-01
5.341879870297496e-02	1.616790463032817e-05	5.034638467651364e-06	1.055355114645361e-01
5.475341600926174e-02	1.934924683544696e-05	5.269184138586218e-06	1.081722147122367e-01
5.612137744528352e-02	2.480121837267870e-05	5.738076594383310e-06	1.108747934545452e-01
5.752351608205067e-02	2.054471194121433e-05	5.013384638725526e-06	1.136448935273342e-01
5.896068580405145e-02	1.535701034248635e-05	4.153682692788107e-06	1.164842018861021e-01
6.043376182925683e-02	1.708504115452171e-05	4.238597681743844e-06	1.193944476333083e-01
6.194364124211692e-02	1.625354466660790e-05	3.946128236459689e-06	1.223774030713737e-01
6.349124353987404e-02	1.543486008579862e-05	3.721725266672364e-06	1.254348847819910e-01
6.507751119252467e-02	1.505029080046045e-05	3.517769182157314e-06	1.285687547323987e-01
6.670341021677167e-02	9.339648151881226e-06	2.680299342216075e-06	1.317809214092963e-01
6.836993076431616e-02	1.163720646172507e-05	2.886748050470514e-06	1.350733409810878e-01
7.007808772484705e-02	7.186578145428915e-06	2.202283566677402e-06	1.384480184891632e-01
7.182892134409606e-02	5.948806448602801e-06	1.951687117518985e-06	1.419070090689431e-01
7.362349785733396e-02	7.525762134383014e-06	2.135558440314256e-06	1.454524192014300e-01
7.546291013869427e-02	7.772014116453813e-06	2.144555005676921e-06	1.490864079960283e-01
7.734827836671951e-02	5.454924764532849e-06	1.750578450407435e-06	1.528111885054138e-01
7.928075070653576e-02	4.693632032223575e-06	1.600959047152003e-06	1.566290290732553e-01
8.126150400907040e-02	5.734102016519636e-06	1.760371055735514e-06	1.605422547156062e-01
8.329174452773931e-02	5.486354339962837e-06	1.705168754999919e-06	1.645532485368097e-01
8.537270865303978e-02	4.856706515274599e-06	1.596091357621402e-06	1.686644531807791e-01
8.750566366549647e-02	7.211682254275387e-06	1.944483886137391e-06	1.728783723185363e-01
8.969190850741909e-02	9.603084539403938e-06	2.197032997187592e-06	1.771975721729156e-01
9.193277457394158e-02	4.769923480868140e-06	1.523417129371215e-06	1.816246830813607e-01
9.422962652382473e-02	2.558693627470461e-06	1.094720604672891e-06	1.861624010977663e-01
9.658386311051592e-02	2.655600218374068e-06	1.090748995939953e-06	1.908134896343406e-01
9.899691803397209e-02	3.471785183123452e-06	1.222336066296449e-06	1.955807811444880e-01
1.014702608137646e-01	2.936174766306481e-06	1.116524338391448e-06	2.004671788477367e-01
1.040053976839979e-01	3.323536587384403e-06	1.169340940284771e-06	2.054756584977626e-01
1.066038725105869e-01	1.701053517071476e-06	8.279932895265814e-07	2.106092701945848e-01
1.092672677314512e-01	4.287680578770331e-06	1.292385398409672e-06	2.158711402420381e-01
1.119972053202002e-01	6.285595372180995e-06	1.552434159569777e-06	2.212644730516515e-01
1.147953477738935e-01	3.151481103325675e-06	1.090197577086462e-06	2.267925530940937e-01
1.176633991254810e-01	3.592057261661114e-06	1.155678047002783e-06	2.324587468993746e-01
1.206031059815368e-01	1.223437760458153e-06	6.697215544309137e-07	2.382665051070178e-01
1.236162585859201e-01	3.666111453374202e-06	1.171840632467787e-06	2.442193645674569e-01
1.267046919100113e-01	3.108336873546149e-06	1.071982992686156e-06	2.503209504959314e-01
1.298702867701859e-01	4.264132915624962e-06	1.256232294466379e-06	2.565749786801972e-01
1.331149709732072e-01	7.452104234945546e-06	1.675696293939098e-06	2.629852577433931e-01
1.364407204902365e-01	8.666876948956568e-06	1.824103242283484e-06	2.695556914634437e-01
1.398495606601740e-01	1.142572930129817e-05	2.148708694722617e-06	2.762902811504104e-01
1.433435674230643e-01	8.622298912750264e-06	1.922498844172376e-06	2.831931280832383e-01
1.469248685843173e-01	7.800953237717127e-06	1.922843315465708e-06	2.902684360073816e-01
1.505956451105147e-01	5.825293128717827e-06	1.746321209970127e-06	2.975205136948320e-01
1.543581324575901e-01	3.378427336535555e-06	1.384304922551970e-06	3.049537775681048e-01
1.582146219321940e-01	1.733470321195188e-06	1.050456915375936e-06	3.125727543897842e-01
1.621674620870694e-01	1.435642364866280e-06	9.998472123203141e-07	3.203820840192634e-01
1.662190601512908e-01	0.000000000000000e+00	0.000000000000000e+00	3.283865222383602e-01
1.703718834962359e-01	0.000000000000000e+00	0.000000000000000e+00	3.365909436475268e-01
1.746284611381829e-01	0.000000000000000e+00	0.000000000000000e+00	3.450003446344188e-01
1.789913852784494e-01	0.000000000000000e+00	0.000000000000000e+00	3.536198464166324e-01
1.834633128820097e-01	1.060977382969953e-06	1.086960187702873e-06	3.624546981604592e-01
1.880469672955524e-01	5.113082775765677e-08	2.356912365917068e-07	3.715102801775621e-01
1.927451399059636e-01	0.000000000000000e+00	0.000000000000000e+00	3.807921072015160e-01
1.975606918402462e-01	0.000000000000000e+00	0.000000000000000e+00	3.903058317462098e-01
2.024965557079093e-01	0.000000000000000e+00	0.000000000000000e+00	4.000572475481555e-01
2.075557373868898e-01	1.536804016385953e-06	1.536957238632164e-06	4.100522930947991e-01
2.127413178540940e-01	0.000000000000000e+00	0.000000000000000e+00	4.202970552409838e-01
2.180564550616725e-01	0.000000000000000e+00	0.000000000000000e+00	4.307977729157665e-01
2.235043858601733e-01	0.000000000000000e+00	0.000000000000000e+00	4.415608409218459e-01
2.295618005051747e-01	0.000000000000000e+00	0.000000000000000e+00	4.535280204210993e-01
