=================================================== 
MCMC CONVERGENCE diagnostics for chain number  1 
Based on sample size =       5001 
=================================================== 
Autocorrelation for each parameter 
Variable           Lag 1        Lag 5       Lag 10       Lag 25 
variable 1         0.984        0.932        0.884        0.777 
variable 2         0.992        0.961        0.929        0.844 
variable 3         0.989        0.945        0.893        0.777 
variable 4         0.993        0.966        0.935        0.852 
variable 5         0.989        0.951        0.910        0.810 
variable 6         0.988        0.944        0.891        0.746 
variable 7         0.991        0.956        0.912        0.805 
variable 8         0.982        0.925        0.864        0.678 
variable 9         0.990        0.952        0.906        0.787 
variable 10        0.989        0.950        0.906        0.778 
variable 11        0.992        0.961        0.923        0.816 
variable 12        0.989        0.951        0.905        0.775 
variable 13        0.985        0.933        0.875        0.744 
variable 14        0.992        0.961        0.924        0.830 
variable 15        0.981        0.910        0.819        0.571 
variable 16        0.978        0.900        0.816        0.610 

Raftery-Lewis Diagnostics for each parameter 
(q=0.025000, r=0.010000, s=0.950000)
Variable          Thin       Burn   Total(N)     (Nmin)     I-stat 
variable 1           1        252      83619        937     89.241 
variable 2           1        252      83619        937     89.241 
variable 3           1        252      83619        937     89.241 
variable 4           1        252      83619        937     89.241 
variable 5           1        252      83619        937     89.241 
variable 6           1        252      83619        937     89.241 
variable 7           1        252      83619        937     89.241 
variable 8           1        252      83619        937     89.241 
variable 9           1        252      83619        937     89.241 
variable 10          1        252      83619        937     89.241 
variable 11          1        252      83619        937     89.241 
variable 12          1        252      83619        937     89.241 
variable 13          1        252      83619        937     89.241 
variable 14          1        252      83619        937     89.241 
variable 15          1        252      83619        937     89.241 
variable 16          1        252      83619        937     89.241 

Geweke Diagnostics for each parameter 
Variable            Mean      std dev      NSE iid      RNE iid 
variable 1      4.864739     1.524252     0.021556     1.000000 
variable 2     18.971802     2.751404     0.038911     1.000000 
variable 3     22.884664     1.665262     0.023550     1.000000 
variable 4      9.925906     5.022695     0.071032     1.000000 
variable 5      4.955987     2.363857     0.033430     1.000000 
variable 6     18.706606     1.620754     0.022921     1.000000 
variable 7      8.749050     2.302388     0.032561     1.000000 
variable 8     29.440002     2.135590     0.030202     1.000000 
variable 9     10.038208     2.040711     0.028860     1.000000 
variable 10     5.954903     1.987165     0.028103     1.000000 
variable 11    17.657257     1.353890     0.019147     1.000000 
variable 12    17.967662     3.082303     0.043590     1.000000 
variable 13    30.167732     1.855156     0.026236     1.000000 
variable 14    21.505017     8.498340     0.120185     1.000000 
variable 15     0.000002     0.000001     0.000000     1.000000 
variable 16     0.000003     0.000001     0.000000     1.000000 

Variable          NSE 4%       RNE 4%       NSE 8%       RNE 8%      NSE 15%      RNE 15% 
variable 1      0.237241     0.008256     0.228318     0.008914     0.179914     0.014355 
variable 2      0.536593     0.005258     0.403152     0.009315     0.284201     0.018745 
variable 3      0.433282     0.002954     0.490199     0.002308     0.492296     0.002288 
variable 4      1.364519     0.002710     1.597937     0.001976     1.512183     0.002206 
variable 5      0.407073     0.006744     0.372770     0.008042     0.348529     0.009200 
variable 6      0.357790     0.004104     0.380295     0.003633     0.271984     0.007102 
variable 7      0.526425     0.003826     0.508090     0.004107     0.453896     0.005146 
variable 8      0.236308     0.016335     0.145808     0.042905     0.107156     0.079438 
variable 9      0.534489     0.002916     0.600548     0.002309     0.597760     0.002331 
variable 10     0.386396     0.005290     0.354586     0.006281     0.230864     0.014818 
variable 11     0.341057     0.003152     0.386207     0.002458     0.385878     0.002462 
variable 12     0.458300     0.009047     0.340487     0.016390     0.253724     0.029516 
variable 13     0.201220     0.017000     0.180869     0.021041     0.121995     0.046249 
variable 14     1.745817     0.004739     1.203172     0.009978     0.787143     0.023313 
variable 15     0.000000     0.011926     0.000000     0.013946     0.000000     0.024036 
variable 16     0.000000     0.018078     0.000000     0.025981     0.000000     0.046322 

=================================================== 
MCMC CONVERGENCE diagnostics for chain number  2 
Based on sample size =       5001 
=================================================== 
Autocorrelation for each parameter 
Variable           Lag 1        Lag 5       Lag 10       Lag 25 
variable 1         0.989        0.945        0.894        0.793 
variable 2         0.990        0.956        0.918        0.795 
variable 3         0.992        0.963        0.930        0.839 
variable 4         0.987        0.942        0.890        0.746 
variable 5         0.993        0.968        0.937        0.863 
variable 6         0.989        0.945        0.895        0.760 
variable 7         0.992        0.965        0.934        0.856 
variable 8         0.989        0.952        0.914        0.820 
variable 9         0.989        0.949        0.904        0.802 
variable 10        0.993        0.968        0.939        0.860 
variable 11        0.991        0.957        0.920        0.828 
variable 12        0.989        0.953        0.908        0.786 
variable 13        0.986        0.935        0.872        0.709 
variable 14        0.991        0.958        0.922        0.830 
variable 15        0.984        0.924        0.855        0.733 
variable 16        0.983        0.922        0.851        0.655 

Raftery-Lewis Diagnostics for each parameter 
(q=0.025000, r=0.010000, s=0.950000)
Variable          Thin       Burn   Total(N)     (Nmin)     I-stat 
variable 1           1        250      82557        937     88.108 
variable 2           1        250      82557        937     88.108 
variable 3           1        250      82557        937     88.108 
variable 4           1        250      82557        937     88.108 
variable 5           1        250      82557        937     88.108 
variable 6           1        250      82557        937     88.108 
variable 7           1        250      82557        937     88.108 
variable 8           1        250      82557        937     88.108 
variable 9           1        250      82557        937     88.108 
variable 10          1        250      82557        937     88.108 
variable 11          1        250      82557        937     88.108 
variable 12          1        250      82557        937     88.108 
variable 13          1        250      82557        937     88.108 
variable 14          1        250      82557        937     88.108 
variable 15          1        250      82557        937     88.108 
variable 16          1        250      82557        937     88.108 

Geweke Diagnostics for each parameter 
Variable            Mean      std dev      NSE iid      RNE iid 
variable 1      4.936321     1.574540     0.022267     1.000000 
variable 2     19.269747     2.200075     0.031114     1.000000 
variable 3     22.357599     1.708832     0.024167     1.000000 
variable 4      8.226749     3.644553     0.051542     1.000000 
variable 5      5.218348     2.561290     0.036222     1.000000 
variable 6     18.503185     1.670574     0.023625     1.000000 
variable 7      9.200891     2.404874     0.034010     1.000000 
variable 8     29.601122     2.521883     0.035665     1.000000 
variable 9     10.416066     1.798943     0.025441     1.000000 
variable 10     6.219852     2.272391     0.032136     1.000000 
variable 11    17.450736     1.220253     0.017257     1.000000 
variable 12    16.997717     3.104564     0.043905     1.000000 
variable 13    30.413416     2.144140     0.030323     1.000000 
variable 14    22.792320     7.464351     0.105562     1.000000 
variable 15     0.000002     0.000001     0.000000     1.000000 
variable 16     0.000003     0.000001     0.000000     1.000000 

Variable          NSE 4%       RNE 4%       NSE 8%       RNE 8%      NSE 15%      RNE 15% 
variable 1      0.387667     0.003299     0.371310     0.003596     0.257044     0.007505 
variable 2      0.394693     0.006214     0.383598     0.006579     0.373332     0.006946 
variable 3      0.379740     0.004050     0.379039     0.004065     0.366015     0.004359 
variable 4      0.616836     0.006982     0.553076     0.008685     0.351590     0.021490 
variable 5      0.521620     0.004822     0.391699     0.008551     0.236047     0.023548 
variable 6      0.271074     0.007596     0.206451     0.013096     0.164546     0.020615 
variable 7      0.566664     0.003602     0.535788     0.004029     0.531307     0.004098 
variable 8      0.658833     0.002930     0.740574     0.002319     0.681964     0.002735 
variable 9      0.306056     0.006910     0.281572     0.008164     0.275244     0.008543 
variable 10     0.326361     0.009696     0.338956     0.008989     0.308353     0.010862 
variable 11     0.236310     0.005333     0.203647     0.007181     0.199226     0.007503 
variable 12     0.645210     0.004631     0.689615     0.004053     0.674238     0.004240 
variable 13     0.336686     0.008111     0.344900     0.007729     0.241961     0.015705 
variable 14     1.513254     0.004866     1.209082     0.007623     1.024589     0.010615 
variable 15     0.000000     0.006051     0.000000     0.004468     0.000000     0.005390 
variable 16     0.000000     0.007444     0.000000     0.007530     0.000000     0.017552 

=================================================== 
MCMC CONVERGENCE diagnostics for chain number  3 
Based on sample size =       5001 
=================================================== 
Autocorrelation for each parameter 
Variable           Lag 1        Lag 5       Lag 10       Lag 25 
variable 1         0.985        0.928        0.868        0.708 
variable 2         0.987        0.939        0.884        0.739 
variable 3         0.988        0.939        0.886        0.759 
variable 4         0.990        0.949        0.899        0.784 
variable 5         0.988        0.942        0.886        0.751 
variable 6         0.991        0.954        0.906        0.761 
variable 7         0.989        0.945        0.896        0.761 
variable 8         0.982        0.917        0.841        0.643 
variable 9         0.990        0.955        0.916        0.817 
variable 10        0.987        0.938        0.885        0.759 
variable 11        0.990        0.954        0.913        0.807 
variable 12        0.990        0.951        0.915        0.833 
variable 13        0.986        0.934        0.867        0.690 
variable 14        0.988        0.944        0.896        0.776 
variable 15        0.986        0.934        0.871        0.729 
variable 16        0.981        0.909        0.828        0.635 

Raftery-Lewis Diagnostics for each parameter 
(q=0.025000, r=0.010000, s=0.950000)
Variable          Thin       Burn   Total(N)     (Nmin)     I-stat 
variable 1           1        173      59682        937     63.695 
variable 2           1        173      59682        937     63.695 
variable 3           1        173      59682        937     63.695 
variable 4           1        173      59682        937     63.695 
variable 5           1        173      59682        937     63.695 
variable 6           1        173      59682        937     63.695 
variable 7           1        173      59682        937     63.695 
variable 8           1        173      59682        937     63.695 
variable 9           1        173      59682        937     63.695 
variable 10          1        173      59682        937     63.695 
variable 11          1        173      59682        937     63.695 
variable 12          1        173      59682        937     63.695 
variable 13          1        173      59682        937     63.695 
variable 14          1        173      59682        937     63.695 
variable 15          1        173      59682        937     63.695 
variable 16          1        173      59682        937     63.695 

Geweke Diagnostics for each parameter 
Variable            Mean      std dev      NSE iid      RNE iid 
variable 1      5.062468     1.260218     0.017822     1.000000 
variable 2     19.305358     2.326509     0.032902     1.000000 
variable 3     22.145216     1.705959     0.024126     1.000000 
variable 4      8.368739     4.317975     0.061065     1.000000 
variable 5      4.791654     2.189380     0.030963     1.000000 
variable 6     18.408631     2.027455     0.028673     1.000000 
variable 7      9.282378     2.148536     0.030385     1.000000 
variable 8     29.334469     2.081005     0.029430     1.000000 
variable 9     10.779280     2.052389     0.029025     1.000000 
variable 10     6.322062     1.805038     0.025527     1.000000 
variable 11    17.199135     1.178487     0.016666     1.000000 
variable 12    16.983118     3.180401     0.044978     1.000000 
variable 13    30.243096     1.882556     0.026623     1.000000 
variable 14    21.633884     7.391949     0.104538     1.000000 
variable 15     0.000002     0.000001     0.000000     1.000000 
variable 16     0.000003     0.000001     0.000000     1.000000 

Variable          NSE 4%       RNE 4%       NSE 8%       RNE 8%      NSE 15%      RNE 15% 
variable 1      0.223111     0.006381     0.204956     0.007561     0.161841     0.012127 
variable 2      0.316427     0.010812     0.300003     0.012028     0.234446     0.019695 
variable 3      0.317686     0.005767     0.228520     0.011146     0.149290     0.026116 
variable 4      0.875122     0.004869     0.702818     0.007549     0.506968     0.014509 
variable 5      0.477156     0.004211     0.537556     0.003318     0.529323     0.003422 
variable 6      0.375349     0.005835     0.283473     0.010231     0.290267     0.009757 
variable 7      0.337322     0.008114     0.300911     0.010196     0.294590     0.010638 
variable 8      0.354436     0.006894     0.325178     0.008191     0.307580     0.009155 
variable 9      0.502196     0.003340     0.437002     0.004411     0.300043     0.009358 
variable 10     0.427030     0.003573     0.423890     0.003627     0.352939     0.005231 
variable 11     0.269996     0.003810     0.263094     0.004013     0.197173     0.007145 
variable 12     0.780848     0.003318     0.874959     0.002643     0.762545     0.003479 
variable 13     0.320778     0.006888     0.282391     0.008888     0.273376     0.009484 
variable 14     1.955472     0.002858     2.245291     0.002168     1.932889     0.002925 
variable 15     0.000000     0.008126     0.000000     0.009891     0.000000     0.013153 
variable 16     0.000000     0.026668     0.000000     0.049109     0.000000     0.096934 

=================================================== 
MCMC CONVERGENCE diagnostics for chain number  4 
Based on sample size =       5001 
=================================================== 
Autocorrelation for each parameter 
Variable           Lag 1        Lag 5       Lag 10       Lag 25 
variable 1         0.987        0.938        0.881        0.737 
variable 2         0.984        0.926        0.854        0.668 
variable 3         0.989        0.950        0.907        0.779 
variable 4         0.986        0.938        0.887        0.750 
variable 5         0.993        0.968        0.938        0.847 
variable 6         0.993        0.968        0.938        0.864 
variable 7         0.994        0.972        0.945        0.874 
variable 8         0.984        0.919        0.843        0.683 
variable 9         0.992        0.962        0.928        0.820 
variable 10        0.991        0.960        0.922        0.802 
variable 11        0.990        0.956        0.920        0.815 
variable 12        0.991        0.960        0.920        0.803 
variable 13        0.987        0.937        0.877        0.722 
variable 14        0.982        0.914        0.843        0.634 
variable 15        0.986        0.937        0.884        0.744 
variable 16        0.983        0.922        0.849        0.668 

Raftery-Lewis Diagnostics for each parameter 
(q=0.025000, r=0.010000, s=0.950000)
Variable          Thin       Burn   Total(N)     (Nmin)     I-stat 
variable 1           1        104      29025        937     30.977 
variable 2           1        104      29025        937     30.977 
variable 3           1        104      29025        937     30.977 
variable 4           1        104      29025        937     30.977 
variable 5           1        104      29025        937     30.977 
variable 6           1        104      29025        937     30.977 
variable 7           1        104      29025        937     30.977 
variable 8           1        104      29025        937     30.977 
variable 9           1        104      29025        937     30.977 
variable 10          1        104      29025        937     30.977 
variable 11          1        104      29025        937     30.977 
variable 12          1        104      29025        937     30.977 
variable 13          1        104      29025        937     30.977 
variable 14          1        104      29025        937     30.977 
variable 15          1        104      29025        937     30.977 
variable 16          1        104      29025        937     30.977 

Geweke Diagnostics for each parameter 
Variable            Mean      std dev      NSE iid      RNE iid 
variable 1      5.165524     1.368562     0.019354     1.000000 
variable 2     19.196617     2.117815     0.029950     1.000000 
variable 3     22.071477     1.711308     0.024202     1.000000 
variable 4      6.556269     3.912232     0.055327     1.000000 
variable 5      6.073503     2.773861     0.039228     1.000000 
variable 6     18.228937     2.252127     0.031850     1.000000 
variable 7      9.161608     2.883032     0.040772     1.000000 
variable 8     29.626826     1.937892     0.027406     1.000000 
variable 9     10.873598     2.025957     0.028651     1.000000 
variable 10     5.129068     1.897342     0.026832     1.000000 
variable 11    17.124882     1.214175     0.017171     1.000000 
variable 12    17.620632     3.279196     0.046375     1.000000 
variable 13    30.659795     2.025696     0.028648     1.000000 
variable 14    20.842343     6.328476     0.089498     1.000000 
variable 15     0.000002     0.000001     0.000000     1.000000 
variable 16     0.000003     0.000001     0.000000     1.000000 

Variable          NSE 4%       RNE 4%       NSE 8%       RNE 8%      NSE 15%      RNE 15% 
variable 1      0.231230     0.007006     0.195723     0.009779     0.126557     0.023388 
variable 2      0.278865     0.011535     0.276239     0.011755     0.233154     0.016501 
variable 3      0.291537     0.006891     0.214861     0.012687     0.125406     0.037243 
variable 4      0.465558     0.014123     0.533491     0.010755     0.541532     0.010438 
variable 5      0.473224     0.006872     0.455190     0.007427     0.343735     0.013024 
variable 6      0.389350     0.006692     0.352037     0.008185     0.293731     0.011757 
variable 7      0.468403     0.007577     0.397631     0.010514     0.258840     0.024812 
variable 8      0.245133     0.012499     0.261855     0.010954     0.234966     0.013604 
variable 9      0.304114     0.008876     0.263145     0.011855     0.171550     0.027894 
variable 10     0.341222     0.006184     0.344762     0.006057     0.344371     0.006071 
variable 11     0.192209     0.007981     0.177504     0.009358     0.111162     0.023861 
variable 12     0.690884     0.004506     0.810280     0.003276     0.772952     0.003600 
variable 13     0.307506     0.008679     0.297994     0.009242     0.237990     0.014490 
variable 14     1.052192     0.007235     0.913108     0.009607     0.658053     0.018497 
variable 15     0.000000     0.009497     0.000000     0.011445     0.000000     0.018587 
variable 16     0.000000     0.011915     0.000000     0.024577     0.000000     0.048611 

=================================================== 
MCMC CONVERGENCE diagnostics for chain number  5 
Based on sample size =       5001 
=================================================== 
Autocorrelation for each parameter 
Variable           Lag 1        Lag 5       Lag 10       Lag 25 
variable 1         0.982        0.921        0.858        0.701 
variable 2         0.984        0.926        0.860        0.688 
variable 3         0.991        0.960        0.925        0.846 
variable 4         0.990        0.955        0.917        0.826 
variable 5         0.987        0.938        0.887        0.748 
variable 6         0.988        0.947        0.901        0.770 
variable 7         0.992        0.963        0.930        0.832 
variable 8         0.986        0.941        0.895        0.795 
variable 9         0.994        0.971        0.944        0.862 
variable 10        0.986        0.931        0.867        0.716 
variable 11        0.994        0.971        0.942        0.860 
variable 12        0.986        0.932        0.868        0.719 
variable 13        0.983        0.921        0.852        0.692 
variable 14        0.976        0.887        0.799        0.606 
variable 15        0.980        0.910        0.833        0.634 
variable 16        0.976        0.893        0.813        0.624 

Raftery-Lewis Diagnostics for each parameter 
(q=0.025000, r=0.010000, s=0.950000)
Variable          Thin       Burn   Total(N)     (Nmin)     I-stat 
variable 1           1        192      60841        937     64.932 
variable 2           1        192      60841        937     64.932 
variable 3           1        192      60841        937     64.932 
variable 4           1        192      60841        937     64.932 
variable 5           1        192      60841        937     64.932 
variable 6           1        192      60841        937     64.932 
variable 7           1        192      60841        937     64.932 
variable 8           1        192      60841        937     64.932 
variable 9           1        192      60841        937     64.932 
variable 10          1        192      60841        937     64.932 
variable 11          1        192      60841        937     64.932 
variable 12          1        192      60841        937     64.932 
variable 13          1        192      60841        937     64.932 
variable 14          1        192      60841        937     64.932 
variable 15          1        192      60841        937     64.932 
variable 16          1        192      60841        937     64.932 

Geweke Diagnostics for each parameter 
Variable            Mean      std dev      NSE iid      RNE iid 
variable 1      4.732928     1.425573     0.020161     1.000000 
variable 2     19.294987     2.032842     0.028749     1.000000 
variable 3     22.403162     1.991522     0.028164     1.000000 
variable 4      8.918343     4.715549     0.066688     1.000000 
variable 5      4.765972     2.071520     0.029296     1.000000 
variable 6     18.120250     1.858528     0.026284     1.000000 
variable 7      9.147447     2.610782     0.036922     1.000000 
variable 8     29.668326     2.104407     0.029761     1.000000 
variable 9     11.589223     2.511310     0.035515     1.000000 
variable 10     6.245606     1.745213     0.024681     1.000000 
variable 11    16.715113     1.594142     0.022545     1.000000 
variable 12    16.631723     2.813172     0.039784     1.000000 
variable 13    29.713325     1.855296     0.026238     1.000000 
variable 14    20.997159     5.894295     0.083358     1.000000 
variable 15     0.000003     0.000001     0.000000     1.000000 
variable 16     0.000003     0.000001     0.000000     1.000000 

Variable          NSE 4%       RNE 4%       NSE 8%       RNE 8%      NSE 15%      RNE 15% 
variable 1      0.214553     0.008830     0.190555     0.011194     0.123051     0.026844 
variable 2      0.330847     0.007551     0.318014     0.008172     0.291429     0.009731 
variable 3      0.435973     0.004173     0.419363     0.004510     0.342521     0.006761 
variable 4      1.154273     0.003338     1.179496     0.003197     0.867331     0.005912 
variable 5      0.383224     0.005844     0.371595     0.006215     0.245601     0.014228 
variable 6      0.357350     0.005410     0.264203     0.009897     0.185565     0.020062 
variable 7      0.371159     0.009896     0.316740     0.013588     0.254244     0.021090 
variable 8      0.390534     0.005807     0.315245     0.008912     0.212535     0.019608 
variable 9      0.694311     0.002617     0.595394     0.003558     0.461754     0.005916 
variable 10     0.315084     0.006136     0.240491     0.010532     0.165107     0.022346 
variable 11     0.443959     0.002579     0.376533     0.003585     0.255220     0.007803 
variable 12     0.479630     0.006880     0.414614     0.009207     0.241709     0.027092 
variable 13     0.246458     0.011334     0.170998     0.023544     0.132746     0.039067 
variable 14     0.835428     0.009956     0.727667     0.013123     0.709159     0.013817 
variable 15     0.000000     0.011814     0.000000     0.011200     0.000000     0.019495 
variable 16     0.000000     0.019156     0.000000     0.021552     0.000000     0.032960 

=================================================== 
MCMC CONVERGENCE diagnostics for chain number  6 
Based on sample size =       5001 
=================================================== 
Autocorrelation for each parameter 
Variable           Lag 1        Lag 5       Lag 10       Lag 25 
variable 1         0.989        0.948        0.898        0.760 
variable 2         0.992        0.961        0.920        0.817 
variable 3         0.991        0.956        0.910        0.788 
variable 4         0.989        0.946        0.895        0.767 
variable 5         0.990        0.954        0.912        0.811 
variable 6         0.992        0.962        0.928        0.828 
variable 7         0.991        0.956        0.910        0.785 
variable 8         0.987        0.936        0.869        0.696 
variable 9         0.991        0.960        0.927        0.843 
variable 10        0.987        0.938        0.872        0.706 
variable 11        0.990        0.951        0.910        0.814 
variable 12        0.991        0.956        0.912        0.783 
variable 13        0.990        0.952        0.909        0.789 
variable 14        0.982        0.913        0.833        0.643 
variable 15        0.989        0.946        0.893        0.755 
variable 16        0.980        0.919        0.851        0.679 

Raftery-Lewis Diagnostics for each parameter 
(q=0.025000, r=0.010000, s=0.950000)
Variable          Thin       Burn   Total(N)     (Nmin)     I-stat 
variable 1           1        169      47017        937     50.178 
variable 2           1        169      47017        937     50.178 
variable 3           1        169      47017        937     50.178 
variable 4           1        169      47017        937     50.178 
variable 5           1        169      47017        937     50.178 
variable 6           1        169      47017        937     50.178 
variable 7           1        169      47017        937     50.178 
variable 8           1        169      47017        937     50.178 
variable 9           1        169      47017        937     50.178 
variable 10          1        169      47017        937     50.178 
variable 11          1        169      47017        937     50.178 
variable 12          1        169      47017        937     50.178 
variable 13          1        169      47017        937     50.178 
variable 14          1        169      47017        937     50.178 
variable 15          1        169      47017        937     50.178 
variable 16          1        169      47017        937     50.178 

Geweke Diagnostics for each parameter 
Variable            Mean      std dev      NSE iid      RNE iid 
variable 1      5.419449     1.454176     0.020565     1.000000 
variable 2     19.289196     2.495832     0.035296     1.000000 
variable 3     22.517001     1.699800     0.024039     1.000000 
variable 4      7.809253     4.238022     0.059935     1.000000 
variable 5      5.010512     2.532948     0.035821     1.000000 
variable 6     19.013909     2.163216     0.030592     1.000000 
variable 7      8.240457     2.221797     0.031421     1.000000 
variable 8     29.974226     2.274442     0.032165     1.000000 
variable 9     11.386759     2.076834     0.029371     1.000000 
variable 10     7.198574     1.641958     0.023221     1.000000 
variable 11    16.585093     1.111800     0.015723     1.000000 
variable 12    14.346224     3.088216     0.043674     1.000000 
variable 13    30.598746     2.557132     0.036163     1.000000 
variable 14    21.715516     5.960855     0.084299     1.000000 
variable 15     0.000002     0.000001     0.000000     1.000000 
variable 16     0.000003     0.000001     0.000000     1.000000 

Variable          NSE 4%       RNE 4%       NSE 8%       RNE 8%      NSE 15%      RNE 15% 
variable 1      0.223218     0.008488     0.240958     0.007284     0.225866     0.008290 
variable 2      0.563290     0.003926     0.541381     0.004251     0.488453     0.005222 
variable 3      0.253950     0.008960     0.239915     0.010040     0.157061     0.023426 
variable 4      0.462909     0.016764     0.412501     0.021111     0.387770     0.023889 
variable 5      0.479980     0.005570     0.541957     0.004369     0.545447     0.004313 
variable 6      0.533289     0.003291     0.542901     0.003175     0.343437     0.007935 
variable 7      0.504389     0.003881     0.503670     0.003892     0.316733     0.009841 
variable 8      0.356871     0.008124     0.364972     0.007767     0.313763     0.010509 
variable 9      0.372900     0.006204     0.310941     0.008922     0.234458     0.015693 
variable 10     0.274979     0.007131     0.274533     0.007154     0.242847     0.009143 
variable 11     0.219135     0.005148     0.200233     0.006166     0.197815     0.006318 
variable 12     0.514720     0.007200     0.475300     0.008443     0.475673     0.008430 
variable 13     0.588401     0.003777     0.599138     0.003643     0.515149     0.004928 
variable 14     1.005107     0.007034     1.074493     0.006155     1.078865     0.006105 
variable 15     0.000000     0.006440     0.000000     0.007849     0.000000     0.025578 
variable 16     0.000000     0.014721     0.000000     0.011888     0.000000     0.015996 

=================================================== 
MCMC CONVERGENCE diagnostics for chain number  7 
Based on sample size =       5001 
=================================================== 
Autocorrelation for each parameter 
Variable           Lag 1        Lag 5       Lag 10       Lag 25 
variable 1         0.982        0.914        0.849        0.710 
variable 2         0.989        0.944        0.896        0.773 
variable 3         0.988        0.940        0.886        0.763 
variable 4         0.988        0.945        0.900        0.771 
variable 5         0.991        0.956        0.914        0.803 
variable 6         0.993        0.966        0.936        0.866 
variable 7         0.992        0.963        0.929        0.847 
variable 8         0.987        0.942        0.890        0.763 
variable 9         0.990        0.951        0.911        0.814 
variable 10        0.990        0.950        0.899        0.766 
variable 11        0.987        0.939        0.886        0.747 
variable 12        0.989        0.950        0.907        0.798 
variable 13        0.989        0.946        0.897        0.761 
variable 14        0.990        0.949        0.899        0.795 
variable 15        0.984        0.918        0.848        0.628 
variable 16        0.971        0.883        0.782        0.534 

Raftery-Lewis Diagnostics for each parameter 
(q=0.025000, r=0.010000, s=0.950000)
Variable          Thin       Burn   Total(N)     (Nmin)     I-stat 
variable 1           1        103      31981        937     34.131 
variable 2           1        103      31981        937     34.131 
variable 3           1        103      31981        937     34.131 
variable 4           1        103      31981        937     34.131 
variable 5           1        103      31981        937     34.131 
variable 6           1        103      31981        937     34.131 
variable 7           1        103      31981        937     34.131 
variable 8           1        103      31981        937     34.131 
variable 9           1        103      31981        937     34.131 
variable 10          1        103      31981        937     34.131 
variable 11          1        103      31981        937     34.131 
variable 12          1        103      31981        937     34.131 
variable 13          1        103      31981        937     34.131 
variable 14          1        103      31981        937     34.131 
variable 15          1        103      31981        937     34.131 
variable 16          1        103      31981        937     34.131 

Geweke Diagnostics for each parameter 
Variable            Mean      std dev      NSE iid      RNE iid 
variable 1      5.097618     1.424871     0.020151     1.000000 
variable 2     18.841356     2.192820     0.031011     1.000000 
variable 3     22.306818     1.563672     0.022114     1.000000 
variable 4      7.189216     3.988328     0.056403     1.000000 
variable 5      5.929705     2.406732     0.034036     1.000000 
variable 6     19.458718     1.941957     0.027463     1.000000 
variable 7      8.647723     2.513602     0.035548     1.000000 
variable 8     30.115591     2.191786     0.030997     1.000000 
variable 9      9.471020     1.723100     0.024368     1.000000 
variable 10     6.408442     1.854930     0.026233     1.000000 
variable 11    17.770483     1.006526     0.014234     1.000000 
variable 12    17.187304     3.079005     0.043544     1.000000 
variable 13    30.469313     2.341376     0.033112     1.000000 
variable 14    25.012917     7.660874     0.108341     1.000000 
variable 15     0.000002     0.000001     0.000000     1.000000 
variable 16     0.000003     0.000001     0.000000     1.000000 

Variable          NSE 4%       RNE 4%       NSE 8%       RNE 8%      NSE 15%      RNE 15% 
variable 1      0.239239     0.007094     0.210736     0.009143     0.130416     0.023874 
variable 2      0.358019     0.007503     0.218903     0.020069     0.206542     0.022543 
variable 3      0.201083     0.012094     0.137137     0.026002     0.123327     0.032152 
variable 4      0.588509     0.009186     0.404812     0.019414     0.368135     0.023475 
variable 5      0.524415     0.004212     0.414062     0.006757     0.305036     0.012450 
variable 6      0.413050     0.004421     0.383076     0.005140     0.321842     0.007282 
variable 7      0.443230     0.006432     0.367357     0.009364     0.362548     0.009614 
variable 8      0.384385     0.006503     0.342261     0.008202     0.210962     0.021588 
variable 9      0.291241     0.007001     0.210773     0.013367     0.153304     0.025266 
variable 10     0.400139     0.004298     0.438299     0.003582     0.334175     0.006162 
variable 11     0.156006     0.008325     0.127144     0.012534     0.120885     0.013866 
variable 12     0.674920     0.004162     0.696913     0.003904     0.553560     0.006188 
variable 13     0.320135     0.010698     0.254974     0.016865     0.141185     0.055004 
variable 14     1.181062     0.008415     0.847409     0.016346     0.575283     0.035467 
variable 15     0.000000     0.037877     0.000000     0.077236     0.000000     0.099973 
variable 16     0.000000     0.022432     0.000000     0.028106     0.000000     0.044812 

=================================================== 
MCMC CONVERGENCE diagnostics for chain number  8 
Based on sample size =       5001 
=================================================== 
Autocorrelation for each parameter 
Variable           Lag 1        Lag 5       Lag 10       Lag 25 
variable 1         0.978        0.893        0.792        0.536 
variable 2         0.985        0.931        0.874        0.719 
variable 3         0.990        0.958        0.922        0.828 
variable 4         0.993        0.965        0.934        0.861 
variable 5         0.989        0.951        0.908        0.787 
variable 6         0.993        0.967        0.935        0.855 
variable 7         0.986        0.938        0.882        0.728 
variable 8         0.987        0.941        0.882        0.743 
variable 9         0.990        0.955        0.913        0.805 
variable 10        0.992        0.965        0.935        0.857 
variable 11        0.989        0.946        0.893        0.766 
variable 12        0.989        0.955        0.914        0.812 
variable 13        0.988        0.942        0.889        0.746 
variable 14        0.989        0.944        0.902        0.779 
variable 15        0.993        0.966        0.935        0.853 
variable 16        0.979        0.916        0.857        0.720 

Raftery-Lewis Diagnostics for each parameter 
(q=0.025000, r=0.010000, s=0.950000)
Variable          Thin       Burn   Total(N)     (Nmin)     I-stat 
variable 1           1        166      54660        937     58.335 
variable 2           1        166      54660        937     58.335 
variable 3           1        166      54660        937     58.335 
variable 4           1        166      54660        937     58.335 
variable 5           1        166      54660        937     58.335 
variable 6           1        166      54660        937     58.335 
variable 7           1        166      54660        937     58.335 
variable 8           1        166      54660        937     58.335 
variable 9           1        166      54660        937     58.335 
variable 10          1        166      54660        937     58.335 
variable 11          1        166      54660        937     58.335 
variable 12          1        166      54660        937     58.335 
variable 13          1        166      54660        937     58.335 
variable 14          1        166      54660        937     58.335 
variable 15          1        166      54660        937     58.335 
variable 16          1        166      54660        937     58.335 

Geweke Diagnostics for each parameter 
Variable            Mean      std dev      NSE iid      RNE iid 
variable 1      4.935018     1.369100     0.019362     1.000000 
variable 2     18.725739     1.996837     0.028240     1.000000 
variable 3     23.096954     1.834254     0.025940     1.000000 
variable 4      8.894823     5.140029     0.072691     1.000000 
variable 5      5.410364     2.342988     0.033135     1.000000 
variable 6     18.667829     2.179194     0.030818     1.000000 
variable 7      8.522743     2.103674     0.029750     1.000000 
variable 8     29.873527     2.322525     0.032845     1.000000 
variable 9     10.248331     1.989995     0.028143     1.000000 
variable 10     6.114879     2.105908     0.029782     1.000000 
variable 11    17.432539     1.249208     0.017666     1.000000 
variable 12    17.052484     3.011708     0.042592     1.000000 
variable 13    29.942056     1.998825     0.028268     1.000000 
variable 14    22.877012     6.891124     0.097455     1.000000 
variable 15     0.000003     0.000001     0.000000     1.000000 
variable 16     0.000003     0.000001     0.000000     1.000000 

Variable          NSE 4%       RNE 4%       NSE 8%       RNE 8%      NSE 15%      RNE 15% 
variable 1      0.160898     0.014481     0.137700     0.019771     0.102428     0.035732 
variable 2      0.188580     0.022425     0.147587     0.036612     0.096415     0.085788 
variable 3      0.492037     0.002779     0.477816     0.002947     0.405263     0.004097 
variable 4      1.284145     0.003204     1.274867     0.003251     1.218913     0.003556 
variable 5      0.353066     0.008808     0.269416     0.015126     0.258195     0.016469 
variable 6      0.457100     0.004546     0.346099     0.007929     0.242210     0.016190 
variable 7      0.410557     0.005251     0.353229     0.007094     0.229124     0.016860 
variable 8      0.305806     0.011536     0.284403     0.013338     0.217134     0.022882 
variable 9      0.442683     0.004042     0.428344     0.004317     0.304025     0.008569 
variable 10     0.401625     0.005499     0.387738     0.005900     0.343064     0.007536 
variable 11     0.224244     0.006207     0.215272     0.006735     0.155435     0.012918 
variable 12     0.577382     0.005442     0.561779     0.005748     0.504821     0.007118 
variable 13     0.439212     0.004142     0.471181     0.003599     0.455705     0.003848 
variable 14     1.224711     0.006332     1.351952     0.005196     1.342224     0.005272 
variable 15     0.000000     0.003593     0.000000     0.002422     0.000000     0.002605 
variable 16     0.000000     0.008508     0.000000     0.014945     0.000000     0.019016 

=================================================== 
MCMC CONVERGENCE diagnostics for chain number  9 
Based on sample size =       5001 
=================================================== 
Autocorrelation for each parameter 
Variable           Lag 1        Lag 5       Lag 10       Lag 25 
variable 1         0.988        0.942        0.893        0.774 
variable 2         0.992        0.961        0.927        0.825 
variable 3         0.991        0.961        0.926        0.834 
variable 4         0.991        0.960        0.926        0.825 
variable 5         0.991        0.959        0.921        0.823 
variable 6         0.992        0.962        0.928        0.833 
variable 7         0.992        0.959        0.924        0.818 
variable 8         0.988        0.942        0.885        0.745 
variable 9         0.992        0.962        0.928        0.831 
variable 10        0.992        0.961        0.924        0.838 
variable 11        0.993        0.966        0.937        0.858 
variable 12        0.990        0.950        0.906        0.800 
variable 13        0.990        0.952        0.910        0.781 
variable 14        0.991        0.956        0.919        0.821 
variable 15        0.988        0.943        0.892        0.767 
variable 16        0.980        0.909        0.827        0.646 

Raftery-Lewis Diagnostics for each parameter 
(q=0.025000, r=0.010000, s=0.950000)
Variable          Thin       Burn   Total(N)     (Nmin)     I-stat 
variable 1           1        173      49205        937     52.513 
variable 2           1        173      49205        937     52.513 
variable 3           1        173      49205        937     52.513 
variable 4           1        173      49205        937     52.513 
variable 5           1        173      49205        937     52.513 
variable 6           1        173      49205        937     52.513 
variable 7           1        173      49205        937     52.513 
variable 8           1        173      49205        937     52.513 
variable 9           1        173      49205        937     52.513 
variable 10          1        173      49205        937     52.513 
variable 11          1        173      49205        937     52.513 
variable 12          1        173      49205        937     52.513 
variable 13          1        173      49205        937     52.513 
variable 14          1        173      49205        937     52.513 
variable 15          1        173      49205        937     52.513 
variable 16          1        173      49205        937     52.513 

Geweke Diagnostics for each parameter 
Variable            Mean      std dev      NSE iid      RNE iid 
variable 1      5.104694     1.449468     0.020499     1.000000 
variable 2     18.985690     2.621035     0.037067     1.000000 
variable 3     22.944462     1.703010     0.024084     1.000000 
variable 4      7.997216     4.472608     0.063252     1.000000 
variable 5      5.603877     2.358444     0.033353     1.000000 
variable 6     19.444441     1.922648     0.027190     1.000000 
variable 7      7.928050     2.138867     0.030248     1.000000 
variable 8     29.445117     2.272409     0.032137     1.000000 
variable 9     10.030146     1.981998     0.028030     1.000000 
variable 10     6.512777     2.042146     0.028880     1.000000 
variable 11    17.500595     1.428592     0.020203     1.000000 
variable 12    16.597506     3.216397     0.045487     1.000000 
variable 13    29.759293     2.282602     0.032281     1.000000 
variable 14    25.615764     7.706242     0.108983     1.000000 
variable 15     0.000002     0.000001     0.000000     1.000000 
variable 16     0.000003     0.000001     0.000000     1.000000 

Variable          NSE 4%       RNE 4%       NSE 8%       RNE 8%      NSE 15%      RNE 15% 
variable 1      0.198494     0.010665     0.141341     0.021033     0.108502     0.035692 
variable 2      0.588404     0.003968     0.681260     0.002960     0.682877     0.002946 
variable 3      0.308425     0.006098     0.277736     0.007520     0.261988     0.008451 
variable 4      0.681654     0.008610     0.387269     0.026676     0.363909     0.030211 
variable 5      0.467778     0.005084     0.355320     0.008811     0.317860     0.011011 
variable 6      0.448412     0.003677     0.429315     0.004011     0.360608     0.005685 
variable 7      0.472078     0.004106     0.491594     0.003786     0.438945     0.004749 
variable 8      0.455573     0.004976     0.511964     0.003940     0.484715     0.004396 
variable 9      0.500271     0.003139     0.584035     0.002303     0.567387     0.002440 
variable 10     0.518691     0.003100     0.582173     0.002461     0.505070     0.003270 
variable 11     0.363974     0.003081     0.418867     0.002326     0.416099     0.002358 
variable 12     0.509531     0.007969     0.354050     0.016506     0.290622     0.024497 
variable 13     0.526469     0.003760     0.528494     0.003731     0.508813     0.004025 
variable 14     1.255145     0.007539     1.103391     0.009756     0.965044     0.012753 
variable 15     0.000000     0.005898     0.000000     0.006948     0.000000     0.013114 
variable 16     0.000000     0.014972     0.000000     0.023582     0.000000     0.038538 

=================================================== 
MCMC CONVERGENCE diagnostics for chain number 10 
Based on sample size =       5001 
=================================================== 
Autocorrelation for each parameter 
Variable           Lag 1        Lag 5       Lag 10       Lag 25 
variable 1         0.988        0.941        0.886        0.746 
variable 2         0.987        0.938        0.888        0.757 
variable 3         0.990        0.952        0.911        0.818 
variable 4         0.990        0.954        0.914        0.824 
variable 5         0.986        0.933        0.876        0.739 
variable 6         0.987        0.936        0.881        0.769 
variable 7         0.987        0.935        0.875        0.753 
variable 8         0.981        0.919        0.858        0.692 
variable 9         0.989        0.948        0.906        0.810 
variable 10        0.987        0.939        0.887        0.750 
variable 11        0.988        0.946        0.904        0.805 
variable 12        0.987        0.937        0.877        0.719 
variable 13        0.982        0.917        0.851        0.693 
variable 14        0.985        0.923        0.848        0.690 
variable 15        0.987        0.935        0.872        0.731 
variable 16        0.987        0.939        0.882        0.746 

Raftery-Lewis Diagnostics for each parameter 
(q=0.025000, r=0.010000, s=0.950000)
Variable          Thin       Burn   Total(N)     (Nmin)     I-stat 
variable 1           1        193      61658        937     65.804 
variable 2           1        193      61658        937     65.804 
variable 3           1        193      61658        937     65.804 
variable 4           1        193      61658        937     65.804 
variable 5           1        193      61658        937     65.804 
variable 6           1        193      61658        937     65.804 
variable 7           1        193      61658        937     65.804 
variable 8           1        193      61658        937     65.804 
variable 9           1        193      61658        937     65.804 
variable 10          1        193      61658        937     65.804 
variable 11          1        193      61658        937     65.804 
variable 12          1        193      61658        937     65.804 
variable 13          1        193      61658        937     65.804 
variable 14          1        193      61658        937     65.804 
variable 15          1        193      61658        937     65.804 
variable 16          1        193      61658        937     65.804 

Geweke Diagnostics for each parameter 
Variable            Mean      std dev      NSE iid      RNE iid 
variable 1      4.910069     1.632447     0.023086     1.000000 
variable 2     19.184435     2.021638     0.028590     1.000000 
variable 3     23.320071     1.930459     0.027301     1.000000 
variable 4     10.311922     4.540306     0.064210     1.000000 
variable 5      4.724988     2.160088     0.030548     1.000000 
variable 6     18.161416     1.667207     0.023578     1.000000 
variable 7      8.670770     2.069021     0.029260     1.000000 
variable 8     29.749715     1.859088     0.026291     1.000000 
variable 9     10.958628     2.128204     0.030097     1.000000 
variable 10     6.172991     1.945980     0.027520     1.000000 
variable 11    17.155737     1.236643     0.017489     1.000000 
variable 12    17.237220     2.912948     0.041195     1.000000 
variable 13    29.891221     1.878571     0.026567     1.000000 
variable 14    21.125272     5.513044     0.077966     1.000000 
variable 15     0.000002     0.000001     0.000000     1.000000 
variable 16     0.000003     0.000001     0.000000     1.000000 

Variable          NSE 4%       RNE 4%       NSE 8%       RNE 8%      NSE 15%      RNE 15% 
variable 1      0.238220     0.009392     0.171541     0.018112     0.153244     0.022696 
variable 2      0.444560     0.004136     0.394818     0.005244     0.343374     0.006933 
variable 3      0.413328     0.004363     0.349359     0.006107     0.258507     0.011153 
variable 4      1.130779     0.003224     1.097291     0.003424     0.945746     0.004609 
variable 5      0.419426     0.005305     0.459639     0.004417     0.420493     0.005278 
variable 6      0.327544     0.005182     0.326992     0.005199     0.245710     0.009208 
variable 7      0.305976     0.009145     0.208167     0.019758     0.173290     0.028511 
variable 8      0.177295     0.021991     0.140210     0.035162     0.112807     0.054319 
variable 9      0.480535     0.003923     0.422327     0.005079     0.228892     0.017290 
variable 10     0.271616     0.010266     0.224837     0.014982     0.135404     0.041309 
variable 11     0.291348     0.003603     0.269202     0.004220     0.162579     0.011572 
variable 12     0.364735     0.012757     0.284671     0.020942     0.214723     0.036808 
variable 13     0.163165     0.026511     0.160446     0.027417     0.140759     0.035623 
variable 14     0.775534     0.010107     0.389515     0.040065     0.411779     0.035850 
variable 15     0.000000     0.009456     0.000000     0.009108     0.000000     0.011830 
variable 16     0.000000     0.007609     0.000000     0.009052     0.000000     0.024298 

